-0
-0
-0.0335936
-0.0671493
-0.100629
-0.133995
-0.16721
-0.200237
-0.233037
-0.265574
-0.297811
-0.329713
-0.361242
-0.392363
-0.423041
-0.453242
-0.482931
-0.512075
-0.540641
-0.568596
-0.59591
-0.622551
-0.648489
-0.673696
-0.698141
-0.721799
-0.744642
-0.766644
-0.787781
-0.808028
-0.827364
-0.845765
-0.863212
-0.879684
-0.895163
-0.909632
-0.923074
-0.935474
-0.946818
-0.957093
-0.966287
-0.974391
-0.981395
-0.987291
-0.992073
-0.995734
-0.998272
-0.999682
-0.999965
-0.999118
-0.997144
-0.994044
-0.989821
-0.984482
-0.978031
-0.970476
-0.961826
-0.952089
-0.941278
-0.929405
-0.916482
-0.902525
-0.887549
-0.871571
-0.854609
-0.836683
-0.817811
-0.798017
-0.777322
-0.75575
-0.733324
-0.71007
-0.686015
-0.661186
-0.63561
-0.609317
-0.582335
-0.554697
-0.526432
-0.497573
-0.468153
-0.438203
-0.40776
-0.376855
-0.345526
-0.313806
-0.281733
-0.249341
-0.216667
-0.18375
-0.150624
-0.117329
-0.0839011
-0.0503785
-0.0167992
0.0167992
0.0503785
0.0839011
0.117329
0.150624
0.18375
0.216667
0.249341
0.281733
0.313806
0.345526
0.376855
0.40776
0.438203
0.468153
0.497573
0.526432
0.554697
0.582335
0.609317
0.63561
0.661186
0.686015
0.71007
0.733324
0.75575
0.777322
0.798017
0.817811
0.836683
0.854609
0.871571
0.887549
0.902525
0.916482
0.929405
0.941278
0.952089
0.961826
0.970476
0.978031
0.984482
0.989821
0.994044
0.997144
0.999118
0.999965
0.999682
0.998272
0.995734
0.992073
0.987291
0.981395
0.974391
0.966287
0.957093
0.946818
0.935474
0.923074
0.909632
0.895163
0.879684
0.863212
0.845765
0.827364
0.808028
0.787781
0.766644
0.744642
0.721799
0.698141
0.673696
0.648489
0.622551
0.59591
0.568596
0.540641
0.512075
0.482931
0.453242
0.423041
0.392363
0.361242
0.329713
0.297811
0.265574
0.233037
0.200237
0.16721
0.133995
0.100629
0.0671493
0.0335936
-0
-7.45928e-18
-1.11863e-17
-1.49101e-17
-0
-0
-0
-2.9753e-17
-0
-0
-4.08006e-17
-0
-4.81098e-17
-0
-5.53648e-17
-0
-0
-6.61274e-17
-6.9679e-17
-0
-0
-0
-8.36787e-17
-0
-9.05408e-17
-9.3934e-17
-0
-1.0064e-16
-0
-0
-0
-0
-0
-0
-0
-0
-0
-0
-0
-0
-0
-0
-0
-0
-0
-0
-1.57667e-16
-0
-0
-0
-0
-0
-0
-0
-0
-0
-0
-0
-0
-0
-0
-0
-0
-0
-0
-0
-0
-0
-0
-0
-0
-2.07717e-16
-0
-2.10236e-16
-2.11406e-16
-2.12517e-16
-0
-0
-2.15489e-16
-0
-0
-0
-0
-0
-2.19785e-16
-0
-0
-0
-0
-0
-0
-0
-2.22037e-16
-0
-0
-0
-0
-0
-0
-0
-0
-0
-0
-0
-0
-0
-2.16358e-16
-0
-0
-0
-0
-0
-2.10236e-16
-2.09006e-16
-0
-0
-0
-2.035e-16
-0
-0
-0
-0
-1.95329e-16
-0
-1.91672e-16
-0
-1.87798e-16
-0
-1.83712e-16
-0
-0
-0
-0
-0
-0
-0
-0
-0
-0
-0
-0
-1.52326e-16
-0
-1.46813e-16
-0
-0
-0
-1.35295e-16
-0
-0
-0
-0
-0
-0
-1.13703e-16
-0
-0
-0
-0
-0
-0
-9.05408e-17
-0
-8.36787e-17
-0
-0
-0
-0
-6.61274e-17
-6.25572e-17
-0
-0
-0
-0
-4.44615e-17
-0
-0
-3.34453e-17
-0
-0
-0
-0
-0
-0
-0
-0
0
0
0
0
0
0
0
0
2.9753e-17
0
0
0
4.44615e-17
0
0
0
0
0
6.61274e-17
0
0
0
0
0
0
0
0
9.73007e-17
0
0
1.07232e-16
0
0
0
0
1.23167e-16
0
0
0
0
1.38234e-16
0
0
0
0
0
0
1.57667e-16
0
0
0
0
0
0
0
0
0
0
0
0
0
0
0
0
0
0
0
0
0
0
2.04964e-16
0
0
2.09006e-16
0
0
0
0
0
0
0
0
0
0
0
0
0
0
0
0
0
0
0
0
0
0
0
0
0
2.21097e-16
2.20722e-16
0
0
0
0
2.17913e-16
0
0
0
0
2.13568e-16
0
0
2.10236e-16
0
2.07717e-16
0
0
0
0
0
1.98766e-16
0
0
1.93528e-16
0
0
1.87798e-16
0
0
1.81591e-16
0
0
0
1.726e-16
0
0
0
0
0
0
1.55019e-16
0
1.4959e-16
0
0
1.41134e-16
0
1.35295e-16
1.32319e-16
0
0
0
0
0
0
0
0
1.03951e-16
0
9.73007e-17
0
0
0
0
0
0
0
0
6.61274e-17
0
0
0
0
0
4.44615e-17
0
0
3.34453e-17
0
2.60522e-17
0
1.86298e-17
0
0
0
0
0.931215
0.468631
0.928374
0.886889
0.656618
0.238115
0.777915
-0.543365
0.541609
-0.730479
0.730975
0.841074
-0.160079
0.0616667
0.253163
0.952793
0.0804707
0.400907
-0.887798
-0.850098
-0.406148
-0.943128
-0.73791
-0.922376
-0.950249
-0.49917
-0.269597
-0.112247
-0.629668
-0.0162687
0.0186438
0.00709921
-0.00568747
0.0133575
-0.0106091
-0.00736058
0.0115411
0.017349
0.0181561
-0.0164798
-0.0194708
-0.0165431
-0.00112144
0.0142359
0.0162382
0.00348026
0.0194902
-0.0182987
-0.000188841
0.0194844
0.00360091
-0.00905309
0.01051
0.00676866
-0.0149179
-0.0213793
-0.0131095
-0.00421357
-0.0162968
0.00902521
0.0150234
-0.0120994
-0.00674504
0.0177432
-0.0141924
-0.00559925
0.0191738
0.00546111
-0.0127358
0.0115653
0.0129669
0.000822521
0.0166838
-0.00389538
-0.018528
-0.0082709
0.0185369
0.0189423
0.00493383
-0.0193808
-0.0157035
-0.00213493
0.360997
0.883887
-0.285905
-0.811644
-0.388105
-0.645516
0.641702
-0.0145666
0.00163765
-0.0185487
0.0177268
-0.0134375
0.00745494
0.0191658
-0.0025409
-0.0149512
0.0160411
0.0146654
0.00987069
-0.0104024
0.0159552
0.55625
0.727157
0.95093
0.945734
0.84568
0.785655
-0.922348
-0.799334
-0.0329441
-0.891344
-0.0141734
0.161406
-0.941551
-0.0174488
0.0201124
0.0232231
0.0059909
-0.0191447
-0.0199662
-0.0153039
0.0124846
0.00618066
0.00148966
-0.0197789
-0.000173331
0.0160823
0.00493656
0.0114061
-0.00438161
0.0141085
-0.010729
-0.0176651
0.0150216
-0.0148974
-0.0159227
-0.0088657
-0.00615804
-0.0151101
0.0186083
-0.00757427
0.0102534
-0.00280806
0.0194364
0.000773835
0.00408364
0.0179934
-0.00112778
0.017988
-0.0194258
-0.0157134
-0.017107
0.019521
0.00805878
-0.00672788
-0.00977918
-0.0178668
0.916175
0.608282
0.298378
0.175965
-0.689423
0.815624
0.866869
-0.489103
-0.953803
-0.206446
-0.85995
-0.678745
0.454853
-0.555728
0.341687
-0.221957
-0.908716
-0.779016
-0.345288
0.951597
-0.596911
-0.950203
-0.77119
-0.0974967
0.686227
0.911717
0.416149
-0.329226
0.594809
-0.447403
0.0185842
-0.00315754
0.0157336
0.0184734
0.0153182
-0.0108687
-0.0180336
-0.00782449
0.00916026
0.0027879
-0.0126709
-0.0191026
-0.0108622
0.0189709
-0.0193658
0.00732766
-0.0150124
-0.00519454
0.0139629
0.0139448
0.00244364
0.0165746
0.011576
0.019413
-0.0173778
-0.00185326
-0.0137937
-0.011477
-0.0103038
0.0163995
0.0096042
-0.0143736
0.935004
0.887399
0.892988
0.847193
0.850003
0.807292
0.808688
0.768711
0.768923
0.731002
0.730278
0.694212
0.692675
0.65831
0.656072
0.658966
0.624656
0.624548
0.591727
0.590962
0.559531
0.558201
0.528069
0.526256
0.528667
0.497335
0.495113
0.467322
0.464754
0.438015
0.435159
0.461144
0.431332
0.456515
0.426561
0.4509
0.420876
0.444336
0.414315
0.436866
0.40692
0.428538
0.398737
0.419406
0.389815
0.409526
0.38021
0.398958
0.369975
0.387764
0.35917
0.376008
0.347853
0.363754
0.336082
0.351066
0.323918
0.338008
0.402308
0.311419
0.324642
0.377882
0.298642
0.311029
0.341923
0.337247
0.322775
0.297228
0.308154
0.283294
0.293441
0.318365
0.302864
0.278692
0.287373
0.311508
0.295276
0.271945
0.279158
0.30235
0.28555
0.263202
0.268969
0.291077
0.273888
0.295697
0.277922
0.257016
0.260527
0.281038
0.263148
0.283201
0.264855
0.245728
0.24704
0.265624
0.247458
0.265439
0.246969
0.2299
0.229167
0.245566
0.227573
0.243247
0.225119
0.240015
0.221815
0.235879
0.217672
0.204437
0.200332
0.21271
0.195473
0.206955
0.189887
0.20044
0.183608
0.193201
0.176674
0.185284
0.16913
0.176737
0.161023
0.167616
0.152409
0.157981
0.143343
0.147897
0.133888
0.13743
0.124107
0.126652
0.114066
0.115636
0.103835
0.104456
0.09348
0.0931862
0.0830713
0.0819012
0.0726766
0.0706739
0.0623624
0.0595753
0.0521935
0.0486739
0.0422318
0.0380346
0.0325361
0.0277185
0.0231616
0.0177825
0.0141592
0.00827868
0.00557582
-0.000746003
-0.0025465
-0.00924971
0.138191
-0.0101704
-0.0171959
0.0929471
0.167715
-0.0172631
-0.0245533
0.0548037
-0.0250892
-0.0326788
-0.0312959
-0.039595
-0.0374029
-0.0458196
-0.0487111
-0.055011
-0.0513401
-0.0605523
-0.0649855
-0.0704991
-0.0653307
-0.0751989
-0.0811803
-0.0857479
-0.0790893
-0.0894603
-0.0969682
-0.100446
-0.108845
-0.112027
-0.103042
-0.11429
-0.12418
-0.126049
-0.115663
-0.126998
-0.138286
-0.13875
-0.150963
-0.150881
-0.164038
-0.163347
-0.149879
-0.161724
-0.176097
-0.173796
-0.189079
-0.186042
-0.170613
-0.182128
-0.198403
-0.193707
-0.210818
-0.205294
-0.223222
-0.216825
-0.235544
-0.228235
-0.247717
-0.23946
-0.259668
-0.250431
-0.271324
-0.261082
-0.240544
-0.250238
-0.271345
-0.25953
-0.281154
-0.268359
-0.290445
-0.276668
-0.299156
-0.284402
-0.307228
-0.291507
-0.314607
-0.297936
-0.321243
-0.303645
-0.327093
-0.308594
-0.332114
-0.312751
-0.336274
-0.316085
-0.339545
-0.318574
-0.341903
-0.3202
-0.343339
-0.320952
-0.343844
-0.320825
-0.343413
-0.319818
-0.34205
-0.317935
-0.339764
-0.315186
-0.336568
-0.311585
-0.332483
-0.262517
-0.307152
-0.327531
-0.198985
-0.285926
-0.353717
-0.34819
-0.321739
-0.341795
-0.230071
-0.315137
-0.334567
-0.362039
-0.354131
-0.326541
-0.345411
-0.373787
-0.364321
-0.335932
-0.354082
-0.383214
-0.372168
-0.343126
-0.360408
-0.390137
-0.377526
-0.407933
-0.394425
-0.364268
-0.380287
-0.41105
-0.395992
-0.365581
-0.380391
-0.411313
-0.394789
-0.426186
-0.408715
-0.377822
-0.390839
-0.422107
-0.403305
-0.434901
-0.415159
-0.384203
-0.39517
-0.426344
-0.405463
-0.4368
-0.415031
-0.446472
-0.423823
-0.455303
-0.43179
-0.401156
-0.408326
-0.438886
-0.414647
-0.445072
-0.420085
-0.450306
-0.424609
-0.454554
-0.42819
-0.457793
-0.430809
-0.460003
-0.432449
-0.461166
-0.433097
-0.461276
-0.432756
-0.460332
-0.43143
-0.458342
-0.42912
-0.455316
-0.425846
-0.45128
-0.421626
-0.446254
-0.416494
-0.440272
-0.410484
-0.433379
-0.403629
-0.425618
-0.395973
-0.417037
-0.387565
-0.407691
-0.378455
-0.397636
-0.368697
-0.386932
-0.358345
-0.37564
-0.347458
-0.363823
-0.336092
-0.351544
-0.324306
-0.338864
-0.403176
-0.312157
-0.325847
-0.381549
-0.402172
-0.299702
-0.312553
-0.384947
-0.338946
-0.324786
-0.29904
-0.310443
-0.285363
-0.295977
-0.321153
-0.305884
-0.281443
-0.290593
-0.315029
-0.298977
-0.275331
-0.283006
-0.306544
-0.28987
-0.267167
-0.273381
-0.295876
-0.278753
-0.30098
-0.283242
-0.261917
-0.265853
-0.286811
-0.268896
-0.248846
-0.251425
-0.271019
-0.25312
-0.272196
-0.253911
-0.235749
-0.236213
-0.25378
-0.235803
-0.252718
-0.234514
-0.250719
-0.232345
-0.21702
-0.214734
-0.2293
-0.211631
-0.225389
-0.207725
-0.22063
-0.203036
-0.215046
-0.197588
-0.208666
-0.191414
-0.201526
-0.18455
-0.193666
-0.177038
-0.168545
-0.161401
-0.168926
-0.153719
-0.160268
-0.145553
-0.15112
-0.136957
-0.141544
-0.12799
-0.131605
-0.118713
-0.12137
-0.109188
-0.110907
-0.099481
-0.100287
-0.0896563
-0.0895822
-0.0797796
-0.078862
-0.0699153
-0.0681957
-0.060127
-0.0576508
-0.0504761
-0.0472926
-0.0410216
-0.0371828
-0.0318196
-0.0273798
-0.0229228
-0.0179378
-0.01438
-0.00890672
-0.00623606
-0.000331598
0.00146856
0.0077472
0.00869775
0.0152943
-0.115376
-0.190902
0.0148919
0.0227298
0.0222794
0.0299475
-0.0798729
0.0310312
0.0384461
0.0365217
0.0451589
0.0424341
0.0511545
0.0546027
0.0606372
-0.146704
0.0564228
0.0658899
0.0708867
0.0760743
0.0703616
0.0804317
0.0869718
0.0911592
-0.350131
0.0839672
0.0944808
0.102531
0.105582
0.114531
0.117249
0.107746
0.119046
0.129454
0.130823
0.142167
0.143043
0.131276
0.142982
0.155666
0.155029
0.168645
0.167373
0.153485
0.165185
0.17996
0.177073
0.192736
0.189094
0.20564
0.201191
0.184601
0.195905
0.213301
0.207177
0.225359
0.218357
0.237297
0.22938
0.249045
0.240183
0.260534
0.250698
0.271692
0.260862
0.282448
0.270608
0.292733
0.279875
0.302478
0.2886
0.31162
0.296725
0.320095
0.304196
0.327847
0.310962
0.334824
0.316977
0.340978
0.3222
0.346269
0.326596
0.350661
0.330134
0.354127
0.332793
0.356644
0.334554
0.358199
0.335405
0.358784
0.335343
0.358396
0.334366
0.35704
0.33248
0.354726
0.329697
0.351471
0.326034
0.347296
0.281508
0.321508
0.342225
0.30337
0.249471
0.316146
0.336288
0.312673
0.210629
0.363217
0.356646
0.329517
0.34922
0.321947
0.340978
0.369046
0.360077
0.331964
0.350326
0.379196
0.368658
0.339843
0.357387
0.386907
0.374799
0.345437
0.362023
0.392026
0.37838
0.409006
0.39445
0.364141
0.379324
0.410172
0.394126
0.425482
0.408486
0.377604
0.391051
0.360666
0.37324
0.187863
-0.297739
-0.04398
0.0191415
-0.364859
0.440313
0.308342
-0.309239
-0.296573
0.343368
0.355109
0.297635
-0.0112897
-0.366574
-0.0220076
-0.0107838
0.380237
0.392376
0.0114448
-0.392499
0.212959
0.325763
0.336712
0.314303
0.366297
0.347101
0.318098
0.327732
-0.363794
-0.0655643
-0.242055
0.257186
0.0558252
0.254976
-0.233454
-0.478818
0.381259
0.356885
0.336761
0.308234
0.316556
-0.437907
-0.12328
-0.313547
0.210736
-0.345505
0.439835
-0.481256
0.288648
0.296307
0.305079
0.104214
0.359669
0.151787
-0.489909
-0.47097
0.366017
0.475289
0.183876
-0.211337
-0.280893
-0.156105
0.335685
-0.163746
0.457822
0.47315
0.491217
0.507072
0.525745
0.54216
-0.269861
-0.116176
0.209185
-0.21892
0.151083
-0.200231
-0.166605
0.179315
0.439883
0.411574
0.412807
0.385443
0.386104
0.359632
0.359776
0.334149
-0.287077
0.296254
0.333825
0.308998
0.308989
0.284593
0.284291
0.28418
0.26901
0.261386
0.260608
0.26005
0.359074
0.242317
0.249353
0.234736
0.561494
0.5785
0.557866
0.23704
0.236259
0.594732
0.572771
0.610087
0.58678
0.58881
0.22322
0.229704
0.624461
0.803854
0.213883
0.212909
0.214255
0.234848
0.21134
0.232816
0.209189
0.598558
0.580187
0.230177
0.206467
0.226948
0.203192
0.223146
0.199382
0.218794
0.195058
0.213915
0.190243
0.208534
0.184961
0.202679
0.179238
0.196379
0.173103
0.189664
0.166583
0.182565
0.689453
0.5998
0.204121
0.210091
0.235627
0.215513
0.159708
0.175115
0.617932
0.598134
0.18604
0.191705
0.191702
0.152508
0.167346
0.190536
0.195492
0.176149
0.240964
0.145013
0.159289
0.648801
0.663547
0.636508
0.615226
0.652279
0.161947
0.137253
0.150979
0.169729
0.169384
0.171059
0.175583
0.654165
0.631348
0.593439
0.608106
0.646378
0.621651
0.584558
0.596715
0.633961
0.607629
0.571678
0.581305
0.617197
0.589601
0.625316
0.596477
0.562224
0.567979
0.60185
0.57228
0.605643
0.575065
0.129259
0.142446
0.60779
0.576279
0.563155
0.574914
0.67643
0.144066
0.164372
0.155283
0.133722
0.146019
0.124839
0.136613
0.157919
0.147979
0.127097
0.137949
0.158905
0.148354
0.127862
0.13777
0.117745
0.127182
0.147196
0.136135
0.116618
0.125126
0.144579
0.133127
0.114196
0.121783
0.140594
0.128844
0.147504
0.135357
0.117257
0.123405
0.1413
0.128997
0.146654
0.134016
0.116942
0.121659
0.138445
0.125807
0.109598
0.113497
0.129373
0.116836
0.101525
0.10467
0.119609
0.107273
0.121808
0.109331
0.123432
0.110844
0.0972886
0.0987177
0.111813
0.0996335
0.112242
0.100042
0.112138
0.099951
0.111512
0.0993723
0.110375
0.0983193
0.0877833
0.0868328
0.0968084
0.085459
0.0948586
0.0836812
0.0924916
0.0815209
0.0897314
0.0790022
0.0866045
0.0761509
0.0831397
0.072995
0.0793676
0.0695642
0.0753209
0.0658896
0.0710336
0.0620039
0.0665412
0.0579406
0.0618803
0.0537343
0.0570881
0.04942
0.0522023
0.0450329
0.0472608
0.0406085
0.0423013
0.0361817
0.0373611
0.0317872
0.0324766
0.0274586
0.0276836
0.0232288
0.0230161
0.0191293
0.0185071
0.0151902
0.0141877
0.0114402
0.0100873
0.00790588
0.00623302
0.0535637
0.0423056
0.0634513
0.0730815
0.00461233
0.0026502
0.0305584
0.00158251
-0.000638096
0.0767292
0.0870495
-0.00116258
-0.00361116
0.0191961
0.0757579
0.535146
0.247464
0.0939164
0.226712
0.198308
0.0489528
0.0273285
0.00815508
0.684586
0.608232
0.575879
0.545559
0.544446
0.573834
0.541791
0.570127
0.537587
0.564754
0.53184
0.557728
0.524572
0.549079
0.515818
0.538852
0.505628
0.527109
0.494068
0.513927
0.481216
0.4994
0.467161
0.483634
0.452007
0.466746
0.435864
0.448866
0.418854
0.43013
0.401103
0.410679
0.382739
0.390658
0.363895
0.370214
0.344704
0.349489
0.325296
0.328626
0.00902994
0.689021
0.704146
-0.00360406
-0.00625048
-0.00660012
-0.0094226
-0.00853971
-0.0118642
-0.0131352
-0.0157109
-0.0139116
-0.0178609
-0.0200911
-0.0223218
-0.019576
-0.0240867
-0.0208491
-0.0253803
-0.0290911
-0.0303796
-0.0261997
-0.0311659
-0.0358478
-0.036573
-0.0314514
-0.0367714
-0.0424176
-0.0424991
-0.0486941
-0.0486268
-0.042036
-0.0479926
-0.0551447
-0.0543066
-0.0468033
-0.0528944
-0.0450722
-0.0509241
-0.0592962
-0.0570551
-0.065991
-0.0634468
-0.0729585
-0.0700784
-0.0801762
-0.0769267
-0.0666245
-0.0730964
-0.0839664
-0.0797281
-0.0687122
-0.074934
-0.0864917
-0.0812591
-0.0933575
-0.0876585
-0.100295
-0.0941015
-0.10727
-0.100557
-0.0873948
-0.093339
-0.106988
-0.0992389
-0.113363
-0.105061
-0.119644
-0.110773
-0.125794
-0.116338
-0.101479
-0.10648
-0.121724
-0.111289
-0.126895
-0.115875
-0.131817
-0.120205
-0.136457
-0.12425
-0.140781
-0.127978
-0.144759
-0.131361
-0.14836
-0.134371
-0.151555
-0.136983
-0.154318
-0.139172
-0.156623
-0.140917
-0.158448
-0.142196
-0.159774
-0.142994
-0.160583
-0.143293
-0.160859
-0.143082
-0.160592
-0.142351
-0.15977
-0.14109
-0.158388
-0.139295
-0.156442
-0.136963
-0.15393
-0.134094
-0.150853
-0.114938
-0.130688
-0.147215
-0.125139
-0.104534
-0.0856513
-0.126751
-0.143024
-0.126033
-0.0696122
-0.122289
-0.138285
-0.0917964
-0.122533
-0.15332
-0.169335
-0.177889
-0.177631
-0.117309
-0.133006
-0.154515
-0.148909
-0.127204
-0.142763
-0.165002
-0.158482
-0.136092
-0.151424
-0.174344
-0.166866
-0.143845
-0.158858
-0.135766
-0.150342
-0.173929
-0.164947
-0.141344
-0.155479
-0.179556
-0.169589
-0.14555
-0.159162
-0.183647
-0.172696
-0.197622
-0.186121
-0.16132
-0.174202
-0.199407
-0.186921
-0.161896
-0.17406
-0.199445
-0.18601
-0.160857
-0.172247
-0.197711
-0.183374
-0.20913
-0.194204
-0.168761
-0.179024
-0.204705
-0.188948
-0.163622
-0.172993
-0.198501
-0.181988
-0.207651
-0.190577
-0.216367
-0.198731
-0.224617
-0.206422
-0.181013
-0.188176
-0.213622
-0.194855
-0.220304
-0.201026
-0.226444
-0.206665
-0.232017
-0.211753
-0.186963
-0.1916
-0.216269
-0.195685
-0.220199
-0.199203
-0.223526
-0.202142
-0.22624
-0.204493
-0.22833
-0.206247
-0.229791
-0.207401
-0.230618
-0.207954
-0.230812
-0.207905
-0.230375
-0.20726
-0.229312
-0.206024
-0.227633
-0.204208
-0.225348
-0.201822
-0.222472
-0.198882
-0.219023
-0.195406
-0.215019
-0.191411
-0.210483
-0.18692
-0.205439
-0.181956
-0.199914
-0.176543
-0.193934
-0.170708
-0.187528
-0.164479
-0.180728
-0.157883
-0.173563
-0.150951
-0.166066
-0.181244
-0.185339
-0.172305
-0.180988
-0.143711
-0.158268
-0.15902
-0.136193
-0.150201
-0.169907
-0.171576
-0.128427
-0.141897
-0.163892
-0.155031
-0.133387
-0.145979
-0.124701
-0.136768
-0.158188
-0.14844
-0.127431
-0.138584
-0.117996
-0.128652
-0.149303
-0.138865
-0.118674
-0.128407
-0.14861
-0.137665
-0.117957
-0.12676
-0.146421
-0.13506
-0.115916
-0.123791
-0.142832
-0.131143
-0.15005
-0.13795
-0.119601
-0.126029
-0.144191
-0.131903
-0.114306
-0.119844
-0.137198
-0.124823
-0.108035
-0.112729
-0.129228
-0.116868
-0.100929
-0.104834
-0.120443
-0.108197
-0.123443
-0.11101
-0.125863
-0.113269
-0.098972
-0.101101
-0.114973
-0.102702
-0.11612
-0.103779
-0.116715
-0.104334
-0.116762
-0.104377
-0.0924571
-0.0925174
-0.103915
-0.0921076
-0.102962
-0.0912412
-0.101534
-0.0899344
-0.0996472
-0.0882053
-0.0789046
-0.0773465
-0.0860756
-0.0754208
-0.0835683
-0.0731506
-0.080709
-0.0705611
-0.0775253
-0.0676791
-0.0740468
-0.0645331
-0.0703049
-0.0611532
-0.0663322
-0.0575706
-0.0621628
-0.0538175
-0.0578317
-0.049927
-0.0533745
-0.0459327
-0.0488273
-0.0418684
-0.0442264
-0.0377678
-0.0396078
-0.0336647
-0.0350073
-0.029592
-0.0304598
-0.0255822
-0.0259994
-0.0216666
-0.0216589
-0.0178756
-0.0174698
-0.014238
-0.0134621
-0.0107814
-0.00966388
-0.0525782
-0.00753154
-0.00610151
-0.0609935
-0.0425722
-0.0811746
-0.0318105
-0.00451247
-0.00279932
-0.0670481
-0.00174642
0.000220412
-0.000539413
0.00272381
0.00293753
0.00565332
0.00533402
0.00823164
0.00891061
0.0116548
0.0104437
0.0140013
0.0156166
0.0180782
0.0159386
0.0200992
-0.0893578
-0.156871
-0.0211395
-0.249372
-0.253642
-0.24513
-0.229498
-0.204157
-0.0210864
-0.0409148
-0.0613872
0.022684
0.0247658
0.0216718
0.0263684
0.0227901
0.0274879
0.0315506
0.0326447
0.0281229
0.0332271
0.0382599
0.0387607
0.0333003
0.0387276
0.044719
0.0445491
0.0510948
0.0507558
0.0438299
0.0498464
0.0573363
0.0562037
0.0642766
0.0628866
0.0544965
0.060906
0.0698772
0.0675895
0.0583544
0.064719
0.0745256
0.0713038
0.0612885
0.0675145
0.0780846
0.0739061
0.085035
0.0804369
0.0921263
0.0870786
0.0752929
0.0814867
0.0938009
0.0877344
0.100572
0.094005
0.107358
0.100266
0.114126
0.106484
0.0926866
0.0983708
0.112626
0.103959
0.118654
0.109418
0.124532
0.114714
0.130227
0.119813
0.1357
0.124682
0.140918
0.129288
0.145843
0.133598
0.150443
0.137581
0.154684
0.141208
0.158534
0.144448
0.161963
0.147275
0.164945
0.149665
0.167452
0.151594
0.169462
0.153041
0.170954
0.153989
0.17191
0.154421
0.172314
0.154324
0.172155
0.153688
0.171422
0.152505
0.170109
0.15077
0.168213
0.14848
0.165732
0.145634
0.162668
0.121079
0.130186
0.142236
0.159024
0.138289
0.154809
0.136584
0.109041
0.136402
0.133801
0.15003
0.0948699
0.0753814
0.12878
0.144699
0.131593
-0.080066
0.188138
0.190362
0.183218
0.167921
0.146353
0.123237
0.138828
0.160823
0.154593
0.132432
0.147824
0.170515
0.163342
0.140533
0.155636
0.178966
0.170813
0.147419
0.162142
0.138714
0.152979
0.176887
0.167236
0.143348
0.157117
0.181458
0.170824
0.146558
0.159753
0.184441
0.172834
0.197936
0.185769
0.160828
0.173212
0.198526
0.185398
0.160299
0.171929
-0.141986
0.147062
0.15815
0.057321
0.151677
0.155802
0.147049
0.179573
-0.0484124
0.0898988
0.305795
0.307759
0.286325
0.287016
0.266999
0.266518
0.286234
0.264561
0.246374
0.24336
0.226685
0.222729
0.238785
0.217246
0.202756
0.196492
0.183519
0.176593
0.188679
0.168184
0.157609
0.148725
0.158241
0.138391
0.130339
0.119733
0.126583
0.10775
0.10228
0.0902313
0.0943876
0.0769121
0.0796546
0.062342
0.0608379
0.0465209
0.0465531
0.0311084
0.0321489
0.0171832
0.0146528
0.0012958
-0.00277991
-0.0154439
-0.0211101
-0.0329545
-0.0402445
-0.0511428
-0.0600772
-0.0699045
-0.0804894
-0.0891249
0.0191772
-0.0432246
-0.101351
-0.10868
-0.122523
-0.128439
-0.11446
-0.13285
-0.148264
-0.151225
-0.168013
-0.169454
-0.187543
-0.187408
-0.206711
-0.204957
-0.225376
-0.221976
-0.243401
-0.238342
-0.260658
-0.253942
-0.277026
-0.268671
-0.292394
-0.282431
-0.306664
-0.295139
-0.319751
-0.30672
-0.331582
-0.317114
-0.342099
0.124867
0.15941
0.14796
0.148098
0.147302
-0.0113631
-0.0894337
0.122046
-0.357906
-0.368463
-0.35126
-0.377534
-0.359032
-0.385097
-0.3654
-0.391144
-0.370361
-0.395682
-0.417969
-0.421969
-0.398729
-0.424387
-0.400313
-0.425265
-0.450856
-0.450906
-0.424652
-0.449404
-0.477175
-0.474663
-0.44642
-0.47063
-0.500346
-0.495143
-0.465168
-0.488491
-0.519863
-0.51191
-0.480491
-0.502614
-0.535319
-0.52463
-0.5586
-0.546425
-0.512737
-0.533085
-0.567874
-0.553014
-0.588848
-0.572401
-0.609209
-0.591121
-0.499757
-0.628819
-0.609044
-0.572207
-0.588542
-0.626043
-0.603933
-0.641988
-0.618266
-0.656757
-0.631433
-0.670231
-0.64333
-0.682299
-0.653861
-0.692861
-0.662943
-0.701828
-0.670501
-0.709125
-0.676475
-0.714693
-0.680819
-0.718487
-0.683501
-0.720483
-0.684504
-0.720671
-0.683828
-0.71906
-0.681488
-0.715675
-0.677512
-0.710558
-0.671944
-0.703767
-0.664839
-0.695369
-0.656264
-0.685448
-0.646298
-0.674094
-0.635019
-0.661405
-0.622523
-0.647487
-0.687537
-0.672084
-0.632452
-0.655522
-0.616406
-0.637972
-0.678013
-0.658873
-0.619559
-0.638913
-0.6004
-0.618264
-0.657405
-0.635207
-0.674904
-0.651108
-0.612517
-0.626907
-0.589454
-0.602426
-0.640099
-0.614185
-0.577778
-0.58821
-0.624624
-0.59733
-0.562275
-0.57019
-0.605044
-0.576729
-0.611263
-0.581816
-0.54877
-0.552848
-0.58538
-0.555466
-0.587362
-0.556575
-0.587708
-0.556137
-0.58638
-0.554124
-0.583352
-0.550523
-0.52546
-0.521237
-0.578612
-0.545334
-0.572167
-0.538569
-0.564036
-0.53026
-0.50632
-0.497925
-0.520449
-0.488164
-0.509198
-0.477099
-0.49658
-0.464803
-0.482683
-0.451364
-0.467609
-0.436878
-0.451467
-0.421451
-0.43438
-0.405195
-0.416476
-0.388229
-0.397886
-0.370675
-0.378749
-0.352658
-0.3592
-0.334303
-0.339375
-0.31573
-0.319407
-0.297061
-0.299423
-0.321722
-0.300396
-0.279545
-0.279277
-0.246277
-0.171255
-0.134815
-0.0914653
-0.111695
-0.259887
-0.258483
-0.277491
-0.255569
-0.238122
-0.234201
-0.251043
-0.228698
-0.213481
-0.207134
-0.193494
-0.186428
-0.174307
-0.166647
-0.177815
-0.15751
-0.14784
-0.1383
-0.146857
-0.127334
-0.120216
-0.109051
-0.114924
-0.0965455
-0.0920152
-0.0795178
-0.0827031
-0.0657962
-0.0675418
-0.0508773
-0.0503123
-0.0357192
-0.034801
-0.0200918
-0.0176211
-0.00348924
0.00059425
0.0140162
-0.0362149
0.019762
0.0323395
0.0258217
0.0432696
0.0513828
0.0613162
0.0710361
0.0798544
0.091178
0.098768
0.111678
0.117933
0.132395
0.137218
0.153184
0.156489
0.173894
0.175608
0.194373
0.194435
0.214468
0.212833
0.234029
0.230669
0.252912
0.247814
0.27098
0.264148
0.288105
0.27956
0.304171
0.293948
0.319075
0.307223
0.332728
0.319309
0.345055
0.330144
0.355997
0.339677
0.365509
0.347872
0.373564
0.354708
0.380145
0.400479
0.406698
0.385252
0.411337
0.388896
0.414419
0.438403
0.440801
0.415977
0.441596
0.467997
0.467902
0.440845
0.466199
0.438613
0.462967
0.492042
0.48769
0.458289
0.481868
0.512691
0.50561
0.474672
0.497153
0.529412
0.519593
0.553158
0.541878
0.508527
0.529383
0.563886
0.549883
0.585488
0.569903
0.606546
0.589317
0.496329
0.62692
0.607993
0.571194
0.588266
0.6258
0.604442
0.642605
0.619603
0.658278
0.633634
0.672694
0.646425
0.104075
0.180033
0.5393
0.549889
0.18331
0.168975
0.144092
0.15438
0.179506
0.164363
0.189712
0.174012
0.149012
0.158128
0.685735
0.183016
-0.114463
-0.620152
0.372319
0.123226
-0.647909
-0.639463
-0.118822
0.500189
0.657874
0.000763295
0.136161
-0.121898
-0.0075918
-0.396239
0.133482
0.142088
-0.385633
0.352889
-0.317771
-0.00319592
-0.244803
-0.726033
0.126852
0.126805
-0.23389
-0.138879
-0.446511
-0.129607
-0.393036
-0.605852
-0.55259
-0.627167
0.0871292
0.158425
-0.475379
0.305678
-0.0752406
-0.105941
0.0965984
0.113928
0.356389
-0.186124
-0.232449
0.515662
0.596146
0.270408
0.226325
0.0361021
0.136485
0.515295
0.5248
0.50482
0.462607
0.422054
0.552304
0.302493
0.640047
-0.626337
-0.0145352
0.644906
0.730868
0.746375
0.107835
-0.446413
0.0819343
-0.186393
-0.101827
0.592285
0.419095
-0.755004
-0.266548
-0.681717
-0.515691
-0.0701447
-0.340743
-0.180539
-0.617317
0.281895
-0.489778
0.133934
-0.483206
-0.250704
0.123017
-0.227702
-0.143103
-0.485567
-0.698161
-0.716269
-0.740673
0.157782
0.0853823
-0.100264
-0.356516
0.0798047
-0.331052
-0.16215
-0.253049
0.371248
0.176484
-0.0711039
0.0653466
-0.243177
-0.043175
-0.45622
-0.174645
0.128423
-0.367168
-0.0512209
0.187903
0.254405
0.238166
0.382808
0.0379767
0.190466
0.0328642
-0.0307733
0.417342
-0.362047
-0.178918
-0.217745
-0.416493
-0.00252405
-0.0121214
0.373643
0.0173
0.213339
-0.366471
0.345873
-0.0079898
0.365494
-0.188995
0.098493
-0.641118
-0.420747
-0.319027
0.110864
0.140309
-0.10472
-0.291053
0.16895
-0.0857556
0.313814
0.302059
0.28457
-0.443183
-0.454337
-0.56948
-0.164038
0.422928
-0.268912
0.563094
0.599964
0.181893
-0.191178
0.000124267
0.262157
-0.458438
0.171596
-0.215493
0.65441
0.677103
-0.243917
-0.470241
0.231568
0.224973
-0.162305
-0.048184
0.603838
-0.20867
0.159823
0.159557
0.0508515
0.0650571
0.66503
-0.223766
0.209681
-0.293458
-0.175994
-0.115255
-0.542891
-0.121187
0.487331
0.694705
0.71803
-0.323842
-0.342882
0.723384
0.0822192
-0.223114
-0.234265
-0.249207
-0.135188
-0.031239
-0.117551
-0.112733
-0.439269
-0.452304
-0.471604
-0.0550425
-0.0540779
-0.0615541
0.223616
-0.169381
-0.182237
-0.189163
0.0860381
0.0328691
0.0726158
0.0730247
0.0812405
-0.105157
0.164655
0.103367
-0.235492
-0.250452
-0.262504
0.135587
0.105852
0.24745
0.0425725
-0.147342
0.0846524
0.32424
0.00228836
-0.0966252
-0.177233
-0.322549
0.102097
0.177399
0.428619
-0.169983
-0.713304
-0.190327
-0.197694
-0.214253
-0.221496
0.129786
0.28386
0.0278273
0.0252043
0.0308512
0.0276527
0.308228
-0.0250146
-0.022236
-0.0276473
-0.0242859
-0.232248
0.194674
0.202755
0.219027
0.227028
0.169359
0.180398
0.466203
0.232558
0.13085
0.54664
-0.0762218
-0.37526
-0.360469
-0.471245
0.2288
-0.445855
0.561187
-0.148003
-0.53647
-0.0338777
-0.351391
0.349172
0.0402231
0.0319065
0.0418338
0.119733
0.384451
-0.00093754
0.211071
0.122789
0.128164
0.123446
0.124467
0.115733
-0.106925
-0.0978909
-0.112269
0.0185498
0.0192117
0.112687
0.104168
0.495947
0.495323
0.272473
-0.121242
-0.113101
0.0516202
0.0474798
0.0422768
-0.274095
-0.261047
0.135742
-0.0971842
-0.0869089
0.0864052
0.0752902
0.0714702
0.0956659
0.0853241
-0.105686
0.0279435
0.0271361
-0.0852188
0.107851
0.0981772
0.088295
-0.136247
-0.122965
-0.112151
-0.0167832
-0.0175929
-0.121996
-0.111695
-0.0264147
-0.0258144
0.241459
0.413094
-0.229246
-0.213467
-0.210072
-0.528383
-0.50381
-0.495575
-0.450316
-0.441108
0.189014
0.444946
0.364265
0.367003
-0.0874809
-0.0728344
-0.0829507
-0.3761
-0.376925
0.536969
0.513116
0.503411
-0.59429
-0.581732
-0.259882
-0.241582
0.620437
0.0968778
0.414707
0.411989
0.229197
-0.384441
0.0883488
0.197626
-0.0105537
-0.526204
-0.181045
0.179115
0.332704
0.357529
0.330789
0.35515
0.382723
0.379825
0.408272
0.4048
0.434163
0.351945
0.430055
0.460374
-0.220197
-0.395313
0.510799
0.72989
0.0688676
-0.0781411
0.230666
-0.581325
0.153953
-0.12021
0.347605
-0.518824
0.134279
-0.247226
-0.184558
-0.13179
0.266568
0.210302
-0.405365
0.120857
-0.0979123
-0.397124
-0.625433
0.0737989
0.122702
0.293888
0.312225
-0.0617394
-0.298815
-0.286289
-0.367222
0.309691
-0.330664
-0.293398
0.0364389
0.391712
-0.275535
0.00329437
0.00291149
0.00934504
0.543248
-0.537169
0.484
0.459316
0.361156
0.619955
-0.0270324
0.534839
0.320604
-0.00690177
-0.152876
-0.647507
0.193297
-0.0395158
-0.0374818
-0.0324308
-0.421631
0.390504
-0.640464
0.454595
0.190908
0.171178
0.235506
0.491209
0.249908
0.226987
0.21089
0.436457
0.416337
0.205197
0.697291
0.667889
0.215634
-0.421288
0.585602
0.717305
0.400427
0.616157
0.191125
0.139417
-0.744025
0.101935
0.111914
-0.0742339
0.10253
0.170744
0.0154042
0.022685
0.1178
0.12592
0.109333
0.525062
-0.069729
0.116672
0.119605
0.236271
0.29594
0.548363
0.0921476
0.736985
-0.0139491
-0.0868944
0.698656
0.0931761
0.757811
0.125993
-0.710659
-0.757277
0.460928
-0.0988996
0.523643
-0.607145
0.105698
-0.114956
-0.0990382
0.0775156
0.573665
0.0845733
-0.742155
0.0790417
0.0871825
-0.0301087
-0.078843
-0.261888
-0.0908406
0.0379686
0.0428524
0.0839751
0.106056
0.105846
0.105793
0.499432
0.099492
-0.0214589
-0.00213148
-0.000354175
-0.0990862
-0.109415
0.0156353
-0.08854
-0.101132
0.0608398
0.0645039
-0.0255358
0.105029
0.100236
0.118269
0.0950093
0.112648
0.726688
0.761459
-0.287915
0.101992
-0.0143214
0.0676345
-0.249899
-0.237444
-0.60848
-0.195061
-0.328036
-0.412109
-0.293468
-0.259723
-0.347385
-0.361541
0.0818198
0.0915435
0.00402928
0.00971688
-0.105786
-0.0960868
-0.47214
-0.56332
0.266108
0.0327683
0.020694
0.323392
-0.0693719
0.480653
0.585736
0.386814
0.126265
0.105168
0.738297
0.407824
0.183297
0.150323
0.109649
0.750371
0.425005
0.581042
-0.0782416
0.0332377
0.0372514
-0.759451
-0.785098
0.774475
0.790369
0.095868
0.0893644
0.0215216
0.0812649
0.792106
-0.350363
-0.336034
-0.282326
-0.263022
-0.293423
-0.0170784
-0.0111186
0.120003
0.11923
0.389421
-0.162756
-0.168212
0.0866921
0.0769818
0.226483
0.290628
0.271507
0.757139
0.464172
0.208613
0.193295
0.678125
0.395173
0.0860816
0.106479
0.124536
-0.0204917
-0.08163
-0.0762226
-0.0886586
-0.101011
-0.0673122
0.0973451
0.0999803
0.0567139
0.0671687
0.0521311
0.0623924
-0.0690247
-0.0767365
0.0691682
0.0887063
0.555333
0.555549
-0.0780541
-0.0594238
-0.063575
-0.0546806
-0.0647847
-0.238669
-0.230922
-0.202657
-0.19523
-0.251501
-0.463777
-0.191303
-0.484878
-0.545279
-0.393319
-0.367489
-0.354048
-0.26047
-0.244901
-0.275945
-0.264022
-0.0302122
-0.0336456
0.0775854
-0.0784313
-0.091997
-0.241301
-0.224268
-0.354175
0.0862778
0.100166
0.0344663
0.0396315
0.175954
-0.0821798
-0.0726034
0.386258
0.220284
-0.527567
0.388763
0.2439
0.235365
0.343721
0.345631
0.470925
0.49265
0.698006
0.796965
-0.345431
-0.346135
-0.370688
0.307182
0.304383
0.32949
-0.729183
-0.75624
-0.772552
0.421176
0.451033
0.442238
0.473953
-0.440805
-0.470425
-0.464216
-0.495718
-0.501184
0.440576
-0.764323
-0.186461
-0.200028
-0.209638
-0.00155323
0.396043
0.662323
0.693051
0.700721
0.733235
0.72396
-0.0690257
-0.0886486
-0.0702058
-0.0913508
-0.110002
-0.594123
-0.605227
-0.63134
-0.642708
-0.614783
-0.64697
-0.678502
-0.683933
-0.717297
-0.710403
-0.722243
-0.291667
0.182925
-0.733152
-0.776897
-0.748651
-0.137854
-0.130093
0.104281
0.108628
0.116935
0.100463
0.137645
0.151305
0.151967
0.150001
-0.140878
-0.154511
-0.156057
-0.152315
0.121286
0.134453
0.132086
-0.109192
-0.121702
-0.118545
-0.131536
-0.134881
-0.12768
-0.141421
-0.150608
-0.157689
-0.167071
-0.159304
-0.174642
-0.0620405
-0.23675
0.203733
0.206989
0.228294
0.23134
0.261675
0.266911
0.288257
0.259186
0.248458
0.0258576
0.0750995
0.253209
-0.198088
0.195263
0.426875
-0.0593231
-0.430835
-0.302544
0.489333
-0.479416
-0.137008
-0.134886
-0.201815
-0.185802
-0.184141
-0.170437
-0.168739
0.168775
0.163475
0.173294
0.157476
0.16659
-0.575378
-0.0755293
0.0926327
0.0794066
0.0714381
0.0666131
0.0586982
0.0542772
0.0630631
0.0503926
0.0543094
-0.0865729
-0.0871694
-0.0776419
-0.0733771
-0.0639872
-0.0677663
-0.0600734
-0.0542596
-0.05757
-0.00414746
-0.185397
0.100674
0.383892
-0.267329
-0.244017
-0.247925
-0.239399
0.0942468
0.276637
0.252636
0.257319
0.247244
0.536752
0.125237
0.104028
0.123729
0.102437
0.121753
0.100403
-0.205922
0.0678725
-0.124689
-0.122327
-0.112882
-0.131986
-0.119234
-0.128351
0.261954
0.246912
0.276851
0.264134
0.119321
0.0979395
0.116445
0.0952726
0.113178
0.088051
0.108802
0.0881118
0.105217
0.0840614
0.100821
0.07969
0.096009
0.159415
0.454796
0.112332
0.103687
0.231484
0.242163
0.182884
0.197925
0.499715
0.253267
0.419041
0.185899
-0.154835
0.0749838
0.0908459
-0.371303
-0.751089
0.0798021
0.088172
-0.0710326
-0.076238
-0.801037
-0.817787
0.0831835
0.0122386
0.0120258
0.0286786
0.0324224
-0.00285324
-0.00462046
0.463663
0.32626
0.299731
0.0852137
-0.0668443
-0.0715526
0.802114
0.0199121
0.0241152
0.0820873
0.0331981
0.0377591
-0.252889
-0.226789
0.0175196
-0.487978
0.0854718
0.0849255
0.740619
0.781164
0.754709
0.0466235
0.0733447
0.00924738
0.00907239
-0.0857666
-0.0956249
0.0720847
0.079795
-0.67041
-0.397438
0.0822591
0.353301
-0.0110786
-0.0107405
-0.059304
-0.0666862
0.769392
0.780906
0.748147
-0.809913
0.0668127
-0.0778018
0.0417541
0.0452089
0.0581311
0.0485781
0.0618293
0.051819
0.06538
0.0549044
0.0687573
0.0578096
0.0719354
0.0605106
0.074889
0.0629841
0.0775934
0.0652072
0.0800248
0.0671579
0.08216
0.0688152
0.0839773
0.070159
0.0854558
0.0711706
0.0865763
0.0718326
0.0873211
0.0721289
0.0876738
0.072045
0.0876202
0.0715682
0.0871474
0.0706872
0.0862447
0.0693926
0.0849031
0.0676767
0.0831156
0.0655335
0.0808771
0.0553201
0.0710219
0.060744
0.0785169
0.0508594
-0.0772131
-0.085041
-0.0689648
-0.0490313
-0.0528662
0.062959
0.0781843
0.0766405
0.0578642
0.0650105
0.552611
0.0679916
0.0863313
0.0649935
-0.519033
0.0640585
0.0599506
0.0750358
0.0120627
0.0775768
0.0890975
0.059724
0.066459
0.0744834
0.0381935
0.0699646
0.0853743
0.0646569
0.0796164
-0.792832
-0.0608706
-0.0703303
-0.0165767
-0.146931
-0.0229397
-0.027315
-0.0198966
-0.0240626
0.0466008
0.107995
0.0570137
0.0781872
0.0805495
-0.114392
-0.133112
-0.271183
-0.223453
-0.233461
-0.213197
-0.226403
-0.21451
-0.224905
-0.32117
-0.307296
-0.202541
-0.186834
-0.441388
-0.245774
-0.216301
-0.225326
-0.228879
-0.177008
-0.170345
-0.184246
-0.255966
-0.155712
-0.384155
-0.291282
-0.145239
-0.371657
-0.172394
-0.0166658
-0.0112007
-0.00589408
-0.086494
-0.280044
-0.287909
-0.271116
-0.0957952
0.00485075
-0.000554512
0.00983817
0.0149431
-0.186732
-0.0658475
0.109186
0.0143853
0.153658
0.0733433
0.364929
-0.0367638
-0.040238
0.145802
0.148267
0.142756
-0.0868389
-0.0867924
0.150829
0.159256
-0.486237
-0.454393
0.206035
0.211731
0.093945
0.107692
0.0330145
0.0217855
0.00986589
0.0117116
0.000234317
0.0791466
0.0701888
0.166271
0.166398
-0.151726
0.38022
0.234037
0.238318
0.457952
0.465692
0.251811
0.273484
0.782809
0.829129
-0.742558
0.260847
-0.247675
-0.782789
0.257794
0.672712
0.482234
-0.345091
0.473157
0.487699
0.417567
-0.00642478
-0.00138009
-0.0110524
0.460219
0.189991
0.179042
0.172544
-0.0673489
-0.0568005
0.0478685
0.0424294
-0.0713841
-0.0607112
-0.0470786
-0.0497616
-0.0636587
-0.0522461
-0.0663882
-0.0545122
-0.0688765
-0.0565335
-0.0710999
-0.0582881
-0.0730361
-0.0597603
-0.0746646
-0.0609293
-0.0759656
-0.0617769
-0.0769202
-0.062286
-0.0775113
-0.0624413
-0.0777233
-0.0622286
-0.0775422
-0.0616356
-0.0769555
-0.0606513
-0.0759528
-0.0592665
-0.0745252
-0.0574736
-0.0726658
-0.0552667
-0.0703694
0.0869923
0.0692562
-0.0174716
0.0185921
-0.0276736
-0.0212424
-0.0860562
0.0780046
0.0589068
0.396282
0.369766
0.367326
-0.188938
-0.089936
0.291561
0.278144
0.551933
0.555746
-0.401482
-0.374551
-0.154012
0.190588
0.176002
0.205566
0.22664
0.244512
0.1066
0.0833181
-0.212322
0.389071
0.366032
0.293373
0.783609
0.741174
0.533277
0.507218
0.102148
0.256077
0.233758
-0.0110791
0.047098
0.0571495
0.0729059
0.0674286
0.0514497
-0.241575
-0.214797
-0.120396
0.805364
0.765967
0.75492
-0.00824696
-0.00796164
0.0322214
0.0365456
0.0471873
0.0409364
0.013857
-0.398218
0.827153
-0.651452
-0.622487
0.0648006
0.0439322
0.0419614
0.021475
0.798427
-0.0492648
-0.0593063
0.587849
0.586681
-0.0590225
-0.0695337
-0.0506833
-0.0607946
-0.0475772
0.0563921
-0.0152748
0.0544017
-0.269729
-0.827143
-0.0636449
-0.0711272
0.0664757
0.0724722
0.0857968
0.0589301
0.0681039
0.0243085
0.0278067
0.0356992
0.0308474
0.0234196
0.02626
-0.0427197
-0.0465782
-0.0600834
-0.0497755
0.507158
-0.0522929
-0.0722171
-0.0816201
-0.10523
-0.0907619
-0.0440066
0.0598676
0.0671331
0.321019
0.293087
0.0513864
0.066127
0.0772076
-0.0560315
-0.0638207
0.0607292
0.074984
0.0548421
0.0565076
0.0714321
0.0520306
0.0672731
0.851151
0.799325
0.0387111
-0.0496988
-0.0567755
-0.0736152
0.0626303
0.0629445
-0.0637711
-0.0470709
0.054253
-0.0404749
0.0323526
0.0178634
-0.785181
-0.0130139
0.880416
-0.0495498
-0.056605
-0.0780599
-0.0396458
-0.0668961
-0.0549174
0.0590827
0.0735952
-0.0526415
-0.0676327
0.0203674
-0.228269
-0.200755
-0.189195
0.0476047
-0.0625763
-0.00312059
-0.00463425
-0.00179889
0.048222
0.0409396
0.0645002
0.0542118
0.0532636
0.067334
-0.0495955
-0.0644541
-0.0461279
-0.0435556
-0.067425
-0.0761206
-0.0996186
-0.0845261
-0.0613296
-0.0693027
-0.0926189
-0.076961
-0.100377
-0.0842839
-0.107777
-0.0912508
-0.114799
-0.097842
-0.0746793
-0.0808635
-0.104038
-0.0866585
-0.109821
-0.0920477
-0.115173
-0.0970156
-0.120078
-0.101548
-0.0789284
-0.0831135
-0.105631
-0.0868633
-0.109254
-0.0901678
-0.112407
-0.0930185
-0.115081
-0.0954188
-0.117271
-0.0972686
-0.118957
-0.0986997
-0.120156
-0.099755
-0.120878
-0.100282
-0.121101
-0.10033
-0.120831
-0.0999117
-0.0798737
-0.0793251
-0.0990338
-0.0783418
-0.0977047
-0.076932
-0.0959338
-0.0751053
-0.0937322
-0.0728725
-0.0911124
-0.114986
-0.0786492
-0.0738436
-0.0702462
-0.0880885
-0.0672402
-0.0846761
-0.105905
-0.102062
-0.0808917
-0.0978399
-0.0767532
-0.0932593
-0.0722793
-0.0883405
-0.0674897
-0.0831049
-0.0624045
-0.0775744
-0.118844
-0.0612141
-0.0601499
-0.0580815
-0.0696044
-0.0570447
-0.0717715
-0.0692992
-0.0579913
-0.059725
-0.059968
0.813862
0.801918
-0.273351
-0.190536
-0.553366
-0.505018
-0.236856
-0.209423
-0.510096
-0.526585
-0.49304
-0.228116
-0.156776
-0.115447
-0.124023
-0.392904
-0.258734
-0.3508
-0.0999713
-0.0262296
-0.0782657
-0.107004
-0.043949
-0.0474294
-0.0431177
-0.192323
-0.181968
-0.200123
-0.189003
-0.207595
-0.195702
-0.214693
-0.202022
-0.221369
-0.20792
-0.227579
-0.213355
-0.23328
-0.218289
-0.238432
-0.222687
-0.242999
-0.226516
-0.246947
-0.229747
-0.250247
-0.232353
-0.252873
-0.234313
-0.254803
-0.235608
-0.25602
-0.236223
-0.223712
-0.239798
-0.207859
-0.256511
-0.236148
-0.256268
-0.235376
-0.255285
0.00973109
0.0322949
0.0367612
-0.492013
-0.507327
-0.192199
-0.0601068
-0.0682399
0.163516
0.143581
0.197525
-0.141616
0.14234
-0.250011
-0.278673
-0.0935584
0.361356
0.151339
0.167573
0.158965
0.175734
-0.0985586
0.166413
0.183691
0.17364
0.191395
-0.114695
0.1806
0.1988
0.18725
0.205857
0.193546
0.21252
0.199446
0.218746
0.19964
0.213374
0.192578
0.205787
0.18488
0.197557
0.21909
0.20491
0.224491
0.2099
0.229716
0.21438
0.234384
0.218316
0.23846
0.221679
0.241913
0.224441
0.244719
-0.142191
0.323602
0.321274
0.324754
0.22658
0.246852
0.228076
0.248294
0.0937255
-0.374655
0.234416
-0.139394
0.228911
0.249031
0.229075
0.249051
0.100791
0.228559
0.248349
0.227358
0.246921
0.22547
-0.131969
0.103624
-0.206964
-0.210199
-0.203073
-0.0858021
-0.0916402
0.100609
-0.133385
-0.0934366
0.117492
0.0953343
-0.0914642
-0.222013
-0.237157
0.131092
-0.124238
0.235783
0.225136
0.237143
0.213935
0.225284
0.0865508
0.0248522
0.215728
0.21115
0.141121
0.30604
0.291894
0.431587
0.451362
-0.456074
-0.478383
-0.787364
-0.830831
0.354953
0.380245
-0.39521
-0.423677
-0.0810079
0.706547
0.744107
0.784456
-0.657104
-0.697706
-0.0502675
-0.049772
-0.218981
-0.243178
-0.257973
-0.268077
-0.252562
-0.277819
-0.26157
-0.287151
-0.27016
-0.296028
-0.278289
-0.304404
-0.285917
-0.312235
-0.293004
-0.31948
-0.299512
-0.326098
-0.305405
-0.332051
-0.31065
-0.337305
-0.315216
-0.341829
-0.319076
-0.345596
-0.322208
-0.34858
-0.32459
-0.350759
-0.326206
-0.352124
-0.327046
-0.352664
-0.327103
-0.352373
-0.326373
-0.35125
-0.324859
-0.349299
-0.322566
-0.34653
-0.319503
-0.342957
-0.315686
-0.338596
-0.311132
-0.333469
-0.305862
-0.327601
-0.284229
-0.302271
-0.299899
-0.321021
-0.284668
-0.687484
-0.72513
0.284456
0.0755509
0.41082
0.151988
0.165848
0.637042
0.129181
0.139149
-0.366236
-0.378919
-0.394489
-0.407437
-0.423777
-0.437028
-0.454186
-0.439778
-0.47096
-0.455355
-0.487259
-0.470419
-0.0253796
-0.0348703
-0.0253965
-0.380494
-0.402985
-0.407893
-0.431402
-0.435948
0.364355
0.376481
0.392418
-0.446047
-0.466993
-0.434162
-0.453317
-0.420369
-0.437859
-0.404743
0.390798
-0.114921
-0.123342
-0.136567
-0.131471
-0.118556
-0.125915
-0.113357
-0.119941
-0.107784
-0.113588
-0.101878
-0.106905
-0.0956809
-0.0999372
-0.0892393
-0.0927352
-0.0825993
-0.0853493
-0.0758083
-0.077831
-0.0689142
-0.0702321
-0.0619652
-0.0626044
-0.0550092
-0.0549989
-0.0480932
-0.0474656
-0.0412632
-0.0400531
-0.0345636
-0.0328082
-0.0280371
-0.0257751
-0.0217241
-0.0189957
-0.0156627
-0.0125094
-0.00988834
-0.101556
0.186871
0.419096
0.436018
0.404637
-0.800197
-0.843636
-0.811451
-0.856708
-0.821195
0.380531
0.407633
0.40617
0.43563
0.43177
0.463024
0.456977
0.407491
0.588249
0.598327
0.625007
0.635257
0.663543
0.606805
0.642848
0.123825
0.318111
-0.411767
-0.439381
-0.414575
-0.441669
-0.467639
-0.469348
-0.442785
-0.4698
-0.44271
-0.468974
-0.441432
-0.466861
-0.438951
-0.463461
-0.435271
0.0578151
0.0571339
0.0647217
-0.337342
-0.46747
-0.432809
0.28373
-0.267092
-0.287234
-0.283629
-0.304839
-0.308215
-0.300327
0.166572
0.220432
0.247075
0.235383
0.262368
-0.238078
0.666293
0.685134
0.707591
0.727401
0.702816
0.745983
0.750985
0.719152
0.677429
0.492872
-0.293748
-0.314712
-0.307989
-0.337068
0.223025
0.226485
0.241321
0.249942
0.269989
0.263983
0.27498
0.291021
-0.487672
-0.512128
-0.520991
-0.502282
-0.536549
-0.525632
-0.419586
-0.449969
-0.443672
-0.475638
-0.467209
-0.500633
-0.0470883
0.0500159
0.0558234
0.0485798
0.0538758
0.0465377
0.0512834
0.0592671
0.0438866
0.0335147
-0.701681
-0.126954
-0.586781
-0.592938
-0.628585
-0.597261
-0.632554
-0.599551
-0.566332
-0.567156
-0.599696
-0.565899
-0.535495
0.0220829
0.712934
-0.293258
-0.30321
-0.31631
-0.289712
-0.312385
-0.2977
-0.0189744
0.710118
0.74694
0.711827
-0.457548
-0.20241
-0.682346
-0.724394
-0.706882
-0.750278
-0.730523
-0.0290137
-0.0287803
-0.00666212
-0.00093336
0.0176729
-0.175848
0.0805362
0.426885
-0.246878
-0.274183
-0.257884
-0.285455
-0.302189
-0.313741
-0.296284
0.250012
-0.397078
-0.689066
-0.724936
-0.762474
-0.688464
-0.729925
-0.0435864
0.0503277
0.231764
-0.363119
0.00310551
-0.00236212
-0.0198094
-0.0274442
-0.0437687
-0.0536201
-0.278962
0.523241
0.403973
0.728988
-0.222567
0.439437
-0.490024
-0.251603
-0.265572
0.553792
0.151373
0.164628
0.508715
-0.686907
-0.72057
-0.681484
-0.0686291
-0.424643
0.142165
0.738512
0.125763
0.135009
0.121858
0.130367
0.117496
0.125256
-0.0796647
-0.236711
-0.0752911
-0.234708
-0.113432
-0.106545
-0.114354
-0.1376
-0.132692
-0.146939
-0.141415
-0.156322
-0.150148
-0.135254
-0.14335
-0.158846
0.115007
0.122312
0.0886219
-0.0319328
-0.028447
-0.0367788
-0.0330349
-0.0245074
-0.0288296
-0.0378097
-0.033315
-0.0427531
-0.0379454
-0.028372
-0.0326862
-0.0427008
-0.0371034
-0.0229996
0.658027
-0.416894
0.0961164
-0.16637
-0.0100283
-0.00732621
-0.00560616
-0.00506374
0.0114283
0.00853641
0.00653847
0.00608119
0.61048
-0.00278238
-0.0118856
-0.00825265
-0.0198173
-0.0245917
-0.0318881
-0.0378202
-0.0444021
-0.0515001
-0.0572898
-0.0655539
-0.0704766
-0.079898
-0.0838825
0.249013
0.236469
-0.0628939
-0.0525022
-0.0398223
-0.0424812
-0.0547921
-0.0447317
-0.0566546
-0.0465804
-0.0580967
-0.0480336
-0.0369091
-0.0383899
-0.0490996
-0.039508
-0.0497883
-0.0402737
-0.0501114
-0.0406991
-0.0500825
-0.0407982
-0.0317339
-0.0319704
-0.0405862
-0.0319199
-0.0400802
-0.0315993
-0.0392985
-0.0310266
-0.0382611
-0.0302211
-0.0369888
-0.0292034
-0.0355042
-0.0279947
-0.0338303
-0.0266175
-0.0319913
-0.0250948
-0.0300122
-0.0234502
-0.0279183
-0.0217078
-0.0257356
-0.0198921
-0.0234899
-0.0180274
-0.0212074
-0.0161382
-0.018914
-0.0142489
-0.0166354
-0.0123833
-0.0143968
-0.0105648
-0.0122227
-0.0227871
-0.019681
-0.00881643
-0.010137
-0.0237004
-0.0171956
-0.0328251
-0.0144662
-0.0071602
-0.0290095
-0.0114612
-0.0134432
-0.0212731
-0.0293832
-0.0370363
-0.0434907
-0.0480455
-0.0599853
-0.0671386
0.04416
-0.00634853
-0.00420322
0.0076463
0.00529391
0.00405445
0.00338459
0.0873629
0.00418619
-0.0475598
-0.0416025
-0.0310751
-0.0352159
-0.0461612
-0.0393968
-0.0507559
-0.0435949
-0.055362
-0.0477865
-0.036038
-0.0398232
-0.0574963
-0.321379
0.0520095
0.109049
-0.000151418
0.00405758
0.00600043
0.00986062
0.303024
-0.295876
-0.0297487
-0.274369
0.261274
0.248103
-0.0065837
-0.389282
-0.373854
-0.386497
-0.356722
-0.36881
-0.33843
-0.348119
-0.318607
-0.325512
-0.297464
0.140218
0.137603
0.112712
0.119714
0.10754
0.11378
-0.347808
-0.352664
0.208668
-0.252902
0.0771525
0.0665148
0.066442
0.0562048
0.0563659
0.0556647
0.0464284
0.0466913
0.0370998
0.037476
0.0466156
0.0375389
0.0462173
0.0373041
0.0455138
0.0367891
0.0445241
0.0360124
0.0432687
0.0349941
0.0417694
0.0337553
0.0400494
0.0323183
0.0381328
0.0307063
0.0360446
0.0289432
0.0338109
0.0270535
0.031458
0.0250624
0.0290128
0.0229953
0.0265024
0.0208774
0.023954
0.0187345
0.0213946
0.0165916
0.0188509
0.0144737
0.0163491
0.0124052
0.0139148
0.0104098
0.0115727
0.026211
0.0222998
0.00851038
0.00934661
0.028915
0.0363958
0.0191083
0.00672908
0.00725937
0.00508687
0.00533253
0.0139188
0.0279691
0.0274016
0.00866755
0.00360364
0.0035864
0.00512476
0.0122812
0.0206714
0.0296035
0.0383212
0.0460481
0.0659624
0.0547337
0.0448324
0.0434762
0.0534017
0.0417355
0.0516606
0.0396031
0.0495042
0.0370737
0.0469279
0.05978
0.0341434
0.0300728
0.0339478
0.191173
-0.220932
-0.177468
0.0125309
0.0159983
0.019406
0.0224366
-0.101788
0.515939
0.487467
0.486994
0.459844
0.458696
0.459751
0.48521
0.45633
0.535939
0.517798
0.502112
0.532761
0.499026
0.512669
0.0201334
0.0297841
0.0151889
0.0449482
0.0381012
0.0524491
-0.414726
-0.0599541
-0.544332
0.027239
0.102021
0.107497
0.0961946
0.100912
0.127522
0.0866936
0.106561
0.0265881
0.0291387
0.0340365
0.0360648
-0.030534
0.0885044
0.0194397
-0.0179788
-0.267247
-0.104509
0.0955295
-0.0470886
0.0556084
0.108082
0.0196861
0.407967
0.0454395
0.112521
-0.0300351
0.368403
0.0417075
0.0431727
0.0495546
0.0504179
-0.0944437
-0.0974239
-0.109098
-0.111014
0.482147
0.452776
0.0901042
0.0940701
0.0837943
0.0870209
0.0974794
0.0896567
0.0798139
0.0816957
0.0724999
0.0736522
-0.189016
0.19324
0.438979
0.427997
-0.0909216
-0.223603
-0.123765
-0.124561
-0.138345
-0.137976
0.245831
-0.0909423
-0.145772
0.0535251
0.145412
0.154086
0.428131
-0.0639144
-0.15274
-0.151169
-0.16685
-0.164048
-0.180579
-0.176526
0.0444693
0.0384931
0.0836619
-0.0594305
0.209919
-0.198883
-0.0792783
0.432777
-0.293182
0.0502766
0.00105646
0.0334167
0.0779242
-0.193832
-0.188518
-0.206519
0.0024183
0.477842
0.180935
0.0617485
0.225247
-0.298978
-0.206789
-0.0669702
0.143572
-0.0882584
0.0439292
0.0453713
0.0342657
0.0383176
0.0707001
0.0640097
0.43615
-0.293273
-0.313761
-0.286011
-0.305852
-0.342175
-0.278146
-0.29733
-0.325634
-0.316419
-0.288238
0.238827
-0.0543532
-0.212489
0.250295
0.448069
-0.041782
0.101229
-0.215791
-0.300765
0.0451637
0.0586912
0.0320305
0.067193
0.0725351
0.0822447
0.0866116
0.0975107
0.100832
0.112893
0.115104
0.128289
0.129333
0.143594
0.143424
0.158705
0.157279
0.173515
0.170803
0.187923
0.183906
0.201829
0.196498
0.215138
0.208492
0.227761
0.21981
0.239614
0.23038
0.250624
0.240137
0.260725
0.157046
0.259331
-0.0295985
0.103266
-0.296301
-0.216554
0.46022
0.00311945
0.00203993
0.00133735
0.000710672
-0.00020397
0.148914
0.0627301
0.193138
-0.0181211
0.265672
-0.068989
0.138577
0.168231
0.297187
0.269126
0.790375
0.126323
0.269567
0.112495
0.360354
-0.123678
-0.127574
0.320241
0.30534
0.47972
0.492122
0.525482
0.503692
0.537378
0.514354
0.548274
0.524033
0.558093
0.532664
0.566763
0.540184
0.57422
0.466567
-0.0356315
-0.0251079
-0.0151951
-0.0138137
-0.00430384
-0.0623506
0.756081
0.715555
0.722126
0.683297
0.210292
0.179308
0.219648
0.202219
0.225689
-0.011017
0.404771
0.42151
0.408092
0.437953
0.423424
-0.077917
0.03737
0.200656
0.0247426
0.0823277
0.252431
0.0130096
0.00244896
0.100591
-0.00670534
0.172896
0.0700896
0.183152
-0.251112
-0.460557
-0.139944
0.0575289
0.43412
0.249021
0.269857
-0.220801
-0.331882
-0.0361326
0.817068
0.278665
0.467104
0.374455
0.281214
0.105061
0.0824654
0.422979
0.389049
0.401778
0.370925
-0.775149
-0.753077
-0.709638
-0.730028
-0.774252
-0.749094
-0.0522758
-0.0379632
-0.060924
-0.0524214
-0.831615
-0.859113
-0.17359
-0.179609
-0.200239
-0.20424
-0.524593
-0.51191
-0.547625
-0.532736
0.0650565
0.0654343
0.0642484
-0.822681
0.772841
0.749059
0.848884
-0.794021
-0.76669
0.0140959
0.620905
-0.79348
-0.302131
-0.275311
-0.276044
-0.251796
0.0643529
0.0598414
0.0684534
-0.0201301
0.0275306
0.0309311
-0.839092
-0.139293
0.0505487
-0.226728
-0.569202
-0.552287
-0.589529
-0.570459
-0.608481
-0.587126
-0.625557
-0.602106
-0.641663
-0.615451
-0.655065
-0.0523067
-0.0539883
-0.00708216
0.879518
0.85563
0.467
0.0606294
0.0442521
-0.0435094
0.0593303
-0.000393202
-0.00323586
-0.0467083
0.74893
0.711657
0.00318375
0.31306
0.284127
0.265961
0.255961
0.239837
0.228933
0.244236
0.215944
0.203079
0.189394
0.19983
0.17353
0.164321
0.0473807
-0.0285548
-0.0317055
-0.117818
-0.028579
0.0257643
0.0428585
0.0340443
0.0579171
0.0688809
0.0825614
0.0957083
0.107823
-0.0423167
-0.865229
-0.828592
-0.872273
-0.83394
-0.875365
-0.83685
0.0531862
0.0372834
-0.039911
0.621112
-0.0479663
-0.072476
-0.05716
0.00119336
-0.0519578
-0.0658067
-0.0462031
-0.0595566
-0.0798057
-0.073081
-0.0531906
-0.0661771
-0.086431
-0.0790485
-0.0590459
0.0572485
-0.0332775
-0.865709
0.0473411
0.0526359
0.122898
0.133479
0.489223
0.481507
0.00582921
0.0320869
0.0452188
-0.036316
-0.0340277
0.00190582
0.00109234
0.000856489
0.862539
0.850699
0.868669
0.0125333
0.00847152
0.0105374
-0.665566
-0.73783
-0.292756
-0.3315
-0.289087
-0.252224
-0.378576
-0.364667
-0.560867
-0.548803
-0.245091
-0.175355
-0.160006
-0.103064
-0.145175
-0.150569
-0.482485
-0.452859
-0.445703
-0.424392
-0.417246
-0.397038
-0.389958
-0.409021
-0.381894
-0.39977
-0.372901
-0.389557
-0.363038
-0.378451
-0.352372
-0.366528
-0.340978
-0.35387
-0.403089
-0.171406
-0.156949
-0.186389
-0.0351005
-0.0106942
-0.00179045
0.00723283
-0.012003
-0.314863
0.000672236
-0.210726
-0.354108
-0.148724
-0.238573
-0.229863
-0.0867707
-0.326962
-0.31155
-0.310459
0.052743
0.0878601
0.0898379
0.0887968
0.0901718
-0.305876
0.295904
-0.536899
-0.518078
-0.532383
-0.498681
-0.511684
-0.478802
-0.490585
-0.523825
-0.501509
-0.535022
-0.511501
-0.545195
-0.520494
-0.554273
-0.528423
-0.562189
-0.535233
-0.568885
-0.540871
-0.574311
-0.545304
-0.578429
-0.548501
-0.58121
-0.550433
-0.582634
-0.551092
-0.582695
-0.550474
-0.581394
-0.548587
-0.578747
-0.545448
-0.574777
-0.541082
-0.569518
-0.535524
-0.563015
-0.466238
-0.516522
-0.508411
0.21371
0.179129
0.211359
0.315398
0.313056
-0.0810782
0.344034
-0.135987
-0.141175
0.0136403
-0.177831
0.0560893
0.0805657
0.454015
0.438336
0.468969
0.175327
0.135774
0.100281
0.158998
0.161821
0.191996
0.197234
0.216701
-0.0517733
-0.0552219
-0.23818
-0.214818
0.247003
0.263945
-0.626838
-0.663394
0.259069
-0.148754
-0.159682
0.295327
0.435373
0.427482
0.304487
0.119501
-0.475867
-0.508707
-0.157979
-0.165294
0.784842
-0.80707
0.785873
0.831495
0.618305
0.654878
-0.201038
-0.220846
-0.732163
-0.258893
-0.834296
-0.264479
-0.290794
0.268114
0.29483
0.514758
0.545
0.526519
0.448273
-0.310553
0.506825
0.521715
-0.360014
0.275424
0.301512
-0.513784
-0.535804
0.213292
-0.0351575
0.0482666
-0.691258
-0.687813
0.402566
0.481231
-0.558917
-0.145762
-0.0675567
-0.435871
0.676088
0.674702
0.709352
0.671268
0.704463
0.665692
0.696456
0.657878
0.687145
0.648116
0.0224967
0.0131365
0.309711
-0.275902
-0.282743
0.457889
0.767139
0.245696
-0.238722
-0.185119
0.112073
0.12535
0.130126
0.0622662
0.0924751
0.095257
-0.147839
0.0418505
-0.0530646
-0.706372
0.250954
-0.212604
0.109427
0.255796
-0.699797
-0.719711
-0.180164
0.0438355
0.0889022
-0.198407
-0.0736613
0.602043
0.609385
0.58041
0.615346
0.0582079
-0.615603
0.235136
0.0370886
0.122722
0.0995111
0.272153
0.154442
0.147951
-0.217907
0.476548
0.213073
0.19694
0.240495
-0.0494418
-0.480439
0.529055
-0.516703
-0.155889
-0.103935
0.271585
-0.578739
-0.275973
-0.272341
0.183063
0.115261
0.16047
0.111696
-0.0142026
0.591103
-0.12628
-0.0910434
-0.20262
0.158276
-0.203227
-0.310456
0.0637395
-0.122069
-0.261172
0.130788
0.260701
0.247447
0.00444383
-0.00503829
-0.105109
-0.0947742
0.0744378
0.0528527
0.0605658
-0.0138562
-0.0098062
0.0673303
0.0482801
0.0402109
-0.0232214
-0.0172386
-0.0149654
-0.0731874
0.0878939
0.523192
0.526217
0.518996
0.345755
0.376368
0.350902
0.344133
-0.0525146
0.0820454
0.103607
0.428787
-0.101767
-0.125412
-0.0705223
-0.0893921
-0.191223
0.075509
0.0525849
-0.0695849
-0.0860519
0.300724
0.0219177
0.0550737
0.0391343
0.223444
0.233734
0.258174
0.243752
0.268604
0.253456
0.278691
0.262804
0.288387
0.27175
0.297647
0.280253
0.306423
0.288269
0.31467
0.295758
0.322345
0.302679
0.329404
0.308995
0.335808
0.31467
0.34152
0.319672
0.346507
0.323971
0.350736
0.327541
0.297853
0.288515
0.276679
0.262606
0.246589
0.228939
0.303726
0.501434
0.535737
-0.0560514
-0.0472309
-0.199736
-0.178528
0.688566
0.176576
0.354184
0.33036
0.304479
0.274377
0.0811738
0.0608563
-0.0758065
0.24477
0.266944
-0.00303504
-0.00632149
-0.0042334
0.100144
0.44977
0.057753
0.0505748
-0.387904
-0.414487
-0.0779265
-0.0860144
-0.233906
-0.214697
0.575059
0.603458
0.760442
-0.042546
0.359818
0.320372
0.412202
-0.0445811
-0.0805304
0.378876
0.056122
0.0707334
0.0484568
0.0625715
0.0427775
0.0555819
-0.136233
-0.480722
-0.0406972
-0.0470966
-0.0311421
-0.0165376
0.381782
0.351563
0.360778
0.330906
0.341388
0.0266485
-0.485881
0.0336255
0.742734
0.809824
0.79229
0.767533
0.813734
0.0312269
0.0405786
0.0219524
-0.594226
-0.567533
-0.0429272
0.0155914
-0.0336656
0.0429491
-0.0656373
0.0550092
0.495638
0.110848
-0.810624
-0.782403
-0.827446
-0.796623
0.0458
-0.0234303
-0.0225789
-0.713164
0.047895
0.342116
0.180064
0.153143
0.900746
0.0465145
0.676112
0.636426
-0.0162347
0.0506203
-0.0520649
0.514347
0.505202
0.540444
0.52825
0.151229
0.159491
0.179599
0.185555
0.206559
0.211239
0.662198
0.62267
0.646638
0.607081
-0.53633
-0.829702
0.0227618
0.000214578
-0.668773
0.0120776
-0.00190181
-0.04501
-0.0375827
0.717277
0.0416856
0.337658
0.308885
0.0237415
-0.911955
-0.0530646
0.0441334
0.0295983
0.0448762
0.627178
0.589437
0.0167938
0.0127707
0.0461361
-0.401786
-0.213068
-0.025153
0.0377875
0.304061
0.317638
0.286372
0.288372
0.261772
0.282009
0.262668
-0.014693
-0.0125957
0.0423406
-0.0332757
-0.0195007
-0.0143731
0.763127
0.734708
0.744607
0.790511
-0.0504513
-0.0410407
-0.0538327
-0.841454
-0.808839
-0.855008
-0.820893
-0.765067
-0.878852
-0.837925
-0.876922
-0.836323
-0.878787
-0.833378
-0.797351
0.0173726
0.0188184
-0.583654
-0.221131
-0.0282174
-0.0436117
-0.0500391
-0.755439
-0.240753
0.850507
0.0363978
-0.698647
-0.00874834
-0.042486
-0.038201
-0.327569
0.0645636
0.0372642
0.0149108
-0.0298614
-0.0362189
0.0156302
-0.0435833
-0.0304843
-0.000848971
0.564744
0.550106
0.591983
-0.0320582
-0.0433109
-0.838315
-0.799572
0.046266
0.0377019
-0.877753
-0.90219
0.907281
0.885591
-0.877842
0.4159
0.202001
-0.0117766
-0.00926067
-0.35659
-0.368807
-0.0356755
-0.0414743
-0.0457327
-0.0564013
-0.0342247
-0.875208
-0.890043
-0.896979
0.881536
-0.0170099
0.938048
0.791278
-0.929159
0.43618
0.0251363
-0.627645
-0.0358159
0.672209
-0.666787
-0.330499
-0.0199055
-0.0245454
0.0368981
0.0386861
-0.0251234
0.289866
0.0259597
0.0324739
0.021135
0.0227997
0.0150271
0.0277741
0.0195121
-0.00855334
-0.00581566
-0.00714382
0.0401918
0.0286204
-0.794398
-0.812497
0.801699
0.0019409
0.0296269
0.0365692
0.0213056
0.0263815
-0.700998
0.0374996
0.0333331
-0.840326
0.00156621
-0.0148863
-0.0134084
-0.0214382
-0.0191831
0.0450263
-0.0070246
-0.00467785
-0.8022
0.866871
0.859053
0.813532
0.830004
0.924332
0.876739
0.865185
0.908496
0.89941
0.207559
0.62827
0.44422
-0.432398
-0.191167
0.373026
-0.759125
-0.725989
-0.71255
0.515155
-0.65239
0.111794
0.0294801
-0.473405
-0.436443
0.751604
0.704034
0.953073
-0.605719
-0.588517
-0.567497
-0.300249
-0.272379
0.760736
-0.131676
-0.142812
-0.17386
-0.74961
-0.728195
-0.798057
0.486613
0.451898
-0.517966
-0.460665
-0.456314
-0.423918
-0.950976
-0.907143
0.144068
0.123317
0.156508
-0.52937
0.0183447
0.801615
0.949364
0.905339
0.892938
0.857136
0.865332
-0.908264
-0.898532
-0.0639795
-0.0447658
0.852689
0.712534
0.268774
0.243179
0.270074
0.568357
0.901062
0.582875
0.941146
-0.823204
-0.777051
-0.945888
-0.909039
-0.901641
-0.890559
0.325616
0.388524
0.879547
0.666519
0.621482
0.601928
-0.418867
-0.385517
-0.314474
-0.287208
-0.581353
-0.539697
-0.0394176
-0.0427345
0.896457
-0.0399794
-0.0597005
-0.0393107
-0.0393226
0.880966
0.830377
0.849121
-0.927264
-0.870436
0.861624
0.917397
-0.0341623
0.920523
0.618847
-0.0387685
-0.0351889
-0.952234
-0.567488
-0.000892
-0.877495
-0.0233451
-0.0252108
-0.0130484
-0.0266657
0.411479
0.0304325
0.028889
-0.0318318
-0.0296714
-0.683771
0.0904808
-0.633701
-0.315884
-0.0194106
-0.0387184
0.939248
0.0484093
0.343125
0.870834
0.83444
-0.185352
-0.353432
-0.339324
-0.32267
-0.375565
-0.303838
-0.283216
-0.37652
-0.261204
-0.370787
-0.192097
-0.361692
-0.299626
-0.33536
-0.345321
-0.16931
-0.265073
-0.458566
-0.539578
-0.518538
-0.230195
-0.490488
-0.571925
-0.58502
-0.0588782
-0.0581229
-0.0775094
-0.0570329
-0.496569
-0.27704
-0.497355
-0.276917
-0.274068
-0.26811
-0.259347
-0.248034
-0.234485
-0.492662
-0.219067
-0.376784
-0.381828
-0.363787
-0.171776
-0.347215
-0.327511
-0.128498
-0.135973
-0.330935
-0.520139
-0.518988
-0.495732
-0.47895
-0.303361
-0.319257
-0.320694
-0.159707
-0.458519
-0.288617
-0.126099
-0.354657
-0.21925
-0.233463
-0.111421
-0.234092
-0.210646
-0.216192
-0.193386
-0.198543
-0.311556
-0.291247
-0.332031
-0.419192
-0.0956442
-0.503386
-0.467772
-0.246167
-0.0398373
-0.079204
-0.419581
-0.0499939
-0.16242
-0.148182
-0.0152417
-0.0625467
-0.508259
-0.502451
-0.0461109
-0.0303125
-0.0996298
-0.0155303
-0.00862569
-0.376427
-0.124371
-0.0619528
-0.0363374
-0.0380603
0.0109089
-0.55749
-0.336295
0.0386602
-0.0156483
0.0637576
0.0898341
0.116239
0.142279
-0.294678
-0.273242
0.0193648
-0.487596
-0.316646
-0.181332
-0.476087
-0.459656
0.229331
0.0613632
-0.00675712
0.00161176
-0.00284294
-0.00572023
0.00570512
-0.0280552
-0.223599
-0.237927
-0.230052
-0.0602391
-0.066279
-0.0751112
-0.0700213
-0.444053
-0.423501
0.03002
-0.165383
0.0338314
-0.128135
-0.12652
-0.129195
-0.0952588
-0.0987302
-0.181678
-0.16815
-0.11904
0.0647608
-0.120976
-0.201892
-0.455252
0.0829041
0.108738
-0.202181
-0.193322
-0.252372
-0.186928
0.172074
0.115358
-0.488252
-0.157849
-0.166553
-0.159557
0.124701
-0.218556
-0.199942
-0.225823
-0.182546
-0.157188
-0.0142656
-0.524867
-0.490646
0.143892
0.0994901
0.0994338
0.139198
-0.267608
0.196637
0.128551
-0.27568
0.149843
0.163133
-0.153466
0.0936891
0.172292
0.133496
0.0646535
0.069102
0.175314
0.0432582
-0.00514856
0.212939
0.230229
0.485802
0.133831
0.317761
0.299678
0.34055
0.186066
0.195091
0.191364
0.202123
0.206937
-0.306624
0.209359
-0.270564
-0.263605
-0.020415
0.209266
-0.304767
-0.177148
-0.226905
-0.317757
-0.308273
-0.15008
-0.277811
-0.00443352
0.326248
0.332233
0.323621
0.206592
0.20428
0.337223
0.303891
0.302338
0.464608
0.307164
-0.25857
0.501232
0.237439
-0.829435
-0.790812
0.607064
0.237348
0.213945
0.570778
0.552343
0.44797
0.471202
-0.287326
0.491129
0.507223
-0.671674
-0.251079
-0.293113
-0.272801
-0.279306
0.237092
-0.149701
-0.131045
-0.228283
0.193492
0.120836
0.121256
0.412972
0.405888
-0.0171022
0.241163
0.217163
0.223442
0.200079
0.205928
0.179776
-0.106879
0.209979
0.200108
-0.44204
-0.436339
-0.422602
0.202463
-0.0872975
0.213037
-0.00763515
-0.0127378
0.179497
0.000173603
-0.014931
0.178194
0.183019
0.00693226
0.15552
0.145478
0.148057
0.163979
0.165464
-0.107906
0.534024
-0.32482
0.180118
-0.0940984
-0.635347
0.23736
-0.784625
-0.589689
-0.250439
0.584585
0.378174
0.181382
-0.565168
-0.011797
0.16601
0.514423
0.0561755
0.195572
0.179772
0.369097
0.61008
-0.604482
-0.534321
-0.153343
-0.174586
-0.164975
-0.178149
-0.738791
0.117852
0.356892
-0.612891
0.101955
-0.817496
0.471836
0.186051
0.628241
0.785061
-0.121886
-0.498024
0.341852
-0.79162
0.762204
0.718743
0.16021
0.085629
0.81528
0.770698
0.727645
-0.64298
0.191088
0.00941581
0.541663
0.657094
0.638708
0.614436
0.578539
0.324323
-0.749254
0.168158
-0.60876
0.0565635
-0.808369
0.214895
0.150129
0.0961097
-0.0579984
-0.720051
0.651424
-0.777734
0.374421
0.290037
0.277835
0.304564
0.159123
0.251738
0.226237
-0.254985
-0.229277
0.756217
0.468258
-0.652525
0.547725
0.638564
0.00769801
0.0275321
0.0394791
0.304688
0.517045
-0.597087
-0.252026
0.408205
0.00409933
0.126115
-0.319187
0.488528
0.408882
0.397864
0.724117
-0.353079
-0.33254
-0.310449
0.494849
0.497175
0.466931
0.468633
0.0609581
0.439453
0.0370765
-0.330387
-0.425443
0.40115
0.02327
-0.756682
0.354749
0.416308
-0.391179
-0.393383
0.283347
-0.580105
0.672943
-0.642355
-0.0314784
0.303338
-0.653429
-0.161824
-0.171902
0.297797
0.223369
0.52556
0.211759
-0.742471
0.419069
-0.143017
0.572339
0.138147
0.0929778
0.829975
0.332862
-0.183807
0.116296
-0.849885
0.2715
0.119938
-0.202734
-0.0814599
-0.0579505
-0.261868
-0.4734
-0.149971
-0.142198
-0.417357
-0.501084
-0.184553
0.00830825
-0.380809
0.154023
0.151648
0.137432
0.396186
0.237352
-0.09233
-0.228795
0.0652107
0.0727674
0.0718278
0.0635765
0.691685
0.637758
-0.360636
-0.385855
-0.388851
-0.679265
-0.0234611
-0.128057
-0.558323
0.437302
0.41243
-0.351463
-0.427332
0.249802
0.224631
-0.396711
-0.662411
-0.113722
-0.202236
0.153272
0.163606
0.158446
-0.120891
-0.552589
0.308546
0.0846962
0.0870741
0.0973734
0.0987944
0.236914
0.256187
-0.495565
-0.476269
-0.139272
0.121157
-0.633229
-0.334234
-0.36333
-0.371291
-0.114247
0.081257
-0.358346
-0.0168497
0.16939
0.152484
0.351508
-0.696202
0.377186
0.261023
0.467193
0.613187
0.622743
-0.0363709
-0.508814
-0.678981
0.244453
0.264531
0.278099
0.285672
0.300114
0.307963
0.292325
0.323322
0.314236
0.338301
0.327945
0.352803
0.341151
0.366726
0.353763
0.379974
0.365695
0.392456
0.376866
0.404084
0.387198
0.414777
0.396621
0.42446
0.405069
0.43307
0.412489
0.440551
0.418832
0.446855
0.42406
0.451948
0.428144
0.455803
0.431064
0.314846
0.420571
0.401413
0.369986
0.340206
0.458406
0.432809
0.363688
0.433377
0.393659
0.453566
0.46977
0.480854
0.486607
0.407476
0.407611
0.391868
0.316842
0.250775
0.406248
0.269693
0.299371
0.218254
-0.4957
-0.0445039
-0.0520181
-0.490406
-0.20728
-0.228676
0.123825
-0.440552
0.284388
-0.488295
-0.303794
0.520032
0.463091
-0.155415
-0.170457
-0.174894
0.5865
-0.167798
-0.346719
0.819949
0.496405
0.526353
0.484999
-0.313504
-0.322654
0.140251
-0.331295
-0.35943
-0.843598
0.201723
0.220559
0.13267
0.139697
0.146452
0.132497
0.119583
0.124902
0.217777
0.237581
-0.118925
-0.597306
-0.581889
-0.546467
0.016629
0.106238
-0.226985
0.232279
0.252868
-0.241517
0.124216
0.153832
-0.338687
-0.111834
0.00543256
0.244846
0.266016
-0.177461
-0.19228
-0.666174
-0.252506
-0.275544
-0.253991
-0.248243
-0.270493
-0.266943
0.140248
-0.103644
-0.64773
-0.148368
-0.165561
-0.377507
0.116384
-0.447033
0.264286
0.281854
0.113285
0.133613
0.146728
0.168166
0.179255
0.201389
0.210159
0.10511
-0.251533
-0.27592
-0.277245
-0.253911
-0.25411
-0.277802
-0.0874793
0.152211
0.163031
0.255135
0.276666
0.0919945
-0.264064
-0.49764
-0.157925
-0.175713
0.172416
0.537865
-0.0756979
-0.0806772
-0.165964
-0.1842
0.070631
0.0742348
0.180095
-0.464068
0.0547231
0.0630369
0.644919
0.67266
0.660191
0.700291
-0.066321
-0.0700084
-0.464699
0.0482724
0.0544784
0.0517258
0.0436299
0.0410449
0.0456799
0.0424463
0.0520355
0.059301
-0.0244773
-0.00971797
0.25124
0.272359
-0.447483
-0.246581
-0.271227
-0.0625241
-0.0692463
-0.0637906
-0.68128
-0.710693
0.0677231
-0.271453
0.262852
0.284519
0.670773
-0.172237
-0.190766
0.022935
0.0141829
0.0064628
-0.0708748
0.673948
-0.210781
0.285037
0.300098
0.143509
0.163356
0.160526
-0.0900382
-0.105901
-0.107443
-0.0542483
0.102449
0.118806
0.185829
-0.293727
-0.0563409
-0.0587887
-0.247783
0.646463
-0.412357
-0.176535
-0.195196
0.26777
0.28935
0.39267
-0.0542744
-0.117143
-0.136646
-0.134075
-0.156201
-0.158727
-0.138745
-0.140359
-0.120076
-0.141476
-0.16226
-0.14209
-0.163693
-0.163603
0.775512
0.817981
0.331498
0.616192
0.655343
0.677061
0.745756
-0.275936
-0.374084
-0.500528
-0.046066
-0.0473503
0.18942
-0.701759
0.83238
0.55693
0.0441829
0.0266621
0.0219322
-0.322678
-0.346024
-0.0476512
0.243098
0.263023
0.441973
0.308264
-0.255212
0.134718
-0.427558
-0.343129
0.197353
-0.0938398
-0.0955127
0.103662
0.120107
0.120069
-0.247553
0.449195
-0.366651
0.155347
0.269728
0.291009
0.0605502
0.043443
0.0439952
-0.367367
-0.391687
-0.277369
-0.404784
-0.422186
-0.408857
-0.434955
-0.0324078
0.190714
-0.665214
-0.0381073
-0.0326998
-0.178688
-0.197321
-0.0358049
-0.0360218
0.202466
0.193494
0.201254
0.311792
0.232694
0.251368
-0.761832
0.230858
-0.326704
-0.351466
-0.0828182
-0.0848269
-0.0930519
-0.0769013
-0.485186
-0.488035
0.0809855
0.0526455
-0.369675
0.0635736
-0.763163
-0.074728
0.0325928
0.0321001
-0.279811
-0.223866
-0.248429
-0.254159
-0.234612
-0.23918
-0.263917
-0.178569
-0.197022
-0.0258557
-0.0251183
0.189609
-0.0227723
-0.364796
-0.390299
0.405133
0.435295
0.452745
0.422015
-0.242734
-0.260741
-0.25127
-0.278605
0.770395
-0.0120289
0.349638
0.377291
-0.129686
-0.143161
-0.116274
-0.581623
0.631891
0.319712
-0.305138
-0.27163
-0.733378
-0.0478453
0.268639
0.289427
-0.016104
-0.0209717
-0.18127
-0.121358
-0.131064
-0.0510931
0.220249
0.237642
0.258405
0.255814
0.186577
-0.211164
-0.235419
0.0222195
0.0208066
-0.19414
0.0561618
0.0654957
0.0354871
0.0325716
0.0357107
0.0322704
0.0266117
0.023625
0.0253984
0.0220267
0.0177786
0.0149733
0.0155559
0.0125117
0.00972701
0.00733417
0.206014
0.222121
0.25703
-0.225421
-0.196756
-0.220563
0.136264
0.0126018
0.010404
0.762982
0.80772
-0.615903
-0.528371
-0.533827
-0.504801
-0.506274
-0.474792
0.432637
-0.225194
0.377433
0.400579
0.195617
0.173253
-0.0685879
-0.0795149
-0.0695977
-0.0780382
-0.059126
-0.0597518
-0.070335
-0.0700855
-0.0598396
-0.0593299
-0.369119
-0.392761
-0.372769
-0.758447
0.162953
0.167254
0.173674
-0.131715
-0.148568
-0.138788
-0.140611
-0.121421
-0.127623
-0.151636
-0.157368
-0.138689
-0.143519
0.593376
-0.14549
-0.160438
-0.134524
0.0943805
0.115644
0.122083
0.106553
0.11219
0.13402
0.139467
0.122424
0.126875
0.149152
0.153426
0.134935
0.13826
0.18193
-0.172529
-0.180908
-0.204146
-0.167943
-0.181156
-0.159565
0.221113
-0.284688
0.077901
0.0824036
-0.614775
-0.0879831
-0.0990837
-0.102859
-0.0841726
-0.090471
0.0407899
0.0461031
0.184523
0.202238
0.106607
-0.0985045
-0.091169
0.190256
0.205098
0.128961
-0.807093
0.181748
0.127133
-0.183811
0.176113
0.188641
0.166496
0.00398743
0.00114542
0.269323
0.286919
0.0794194
0.0897695
0.0853904
0.0830952
0.0979441
0.101681
0.0897597
0.0926959
0.108315
0.111159
0.0976508
0.0996227
0.115772
-0.308311
0.20633
0.191626
0.216548
-0.426749
-0.134952
-0.155015
-0.151695
-0.137429
-0.16007
-0.161791
-0.140841
-0.141773
0.352509
-0.481749
-0.513083
-0.476884
0.455563
0.486883
0.313823
-0.137561
-0.154028
0.0976866
-0.0418367
-0.0509312
-0.0453772
-0.0467786
-0.0557958
-0.0572882
-0.0452526
-0.0519787
-0.049703
-0.041517
-0.0393569
-0.044549
-0.0417264
-0.0345823
-0.032022
-0.0357343
-0.0326239
-0.0266937
-0.0239811
-0.0263221
-0.0231893
-0.0185966
-0.0159781
0.0619797
0.0726976
0.0704336
0.326134
-0.0707465
-0.0817672
-0.119379
-0.136607
-0.131435
-0.0837208
-0.0961291
-0.0929024
-0.0861454
-0.10169
0.0480446
0.0529948
0.058335
0.256938
0.279166
0.258824
-0.378086
-0.378767
-0.405562
0.211277
0.289063
0.260737
0.378935
0.146817
0.167496
0.147715
0.632978
0.387818
-0.0453504
-0.299858
-0.0886447
-0.0993358
-0.0770538
-0.167601
-0.469054
-0.332499
-0.857827
0.259052
-0.09318
-0.109307
-0.109594
-0.0932732
-0.0926778
-0.108812
-0.107721
-0.0901522
-0.0882075
-0.104103
-0.101567
-0.0829336
-0.0925172
-0.282611
-0.379706
-0.127697
-0.185138
0.175622
0.434354
0.397323
0.195464
0.124482
0.224584
0.711835
0.102198
0.118555
0.117062
0.0989123
0.0965578
0.112577
0.109582
0.090415
0.0866039
0.102081
0.10314
-0.289773
-0.165702
-0.17503
-0.16746
-0.184254
-0.191953
-0.151382
-0.175943
-0.173975
-0.191896
-0.194231
-0.176101
0.474796
0.487883
0.435625
0.385272
-0.0780307
-0.0748143
-0.0856879
-0.143857
-0.0945885
-0.0973244
-0.112384
-0.109648
-0.104262
-0.12002
-0.113828
-0.0925624
-0.0863153
-0.100599
-0.0936216
-0.107179
-0.458785
-0.204145
-0.189034
-0.213631
0.177136
-0.241378
-0.237001
-0.257864
-0.0490317
-0.0497169
0.108744
-0.197995
-0.182397
0.03722
0.0356384
-0.355942
-0.190192
-0.128488
-0.124521
-0.078252
-0.774527
-0.15574
0.0715171
0.0673453
0.0571371
0.0661942
0.199896
-0.0079853
0.405017
0.05284
0.190869
-0.321751
0.494825
0.19441
0.0057828
0.282474
0.0578783
-0.405113
-0.720734
0.376883
-0.211738
0.0477948
-0.0416617
-0.0515212
-0.0586579
-0.062273
-0.369095
-0.390212
-0.419137
-0.411498
-0.425786
0.227242
0.24121
0.333821
0.344106
0.327803
0.353569
-0.224582
-0.241338
-0.214842
0.37914
-0.199174
-0.0925906
-0.336342
-0.34716
-0.374064
-0.357177
-0.366331
-0.348532
-0.355872
-0.340256
-0.804286
0.279775
-0.297685
-0.159687
-0.0273016
-0.032806
-0.0345925
-0.040592
0.270999
0.276508
-0.136267
-0.149474
-0.166164
-0.16306
-0.146
-0.159291
-0.116381
-0.108166
-0.12358
-0.114557
-0.129316
-0.119501
-0.133547
-0.313245
0.0299442
0.118882
0.140829
-0.281306
0.158281
0.0580095
0.186042
-0.402042
-0.413184
-0.393496
0.234711
0.383277
-0.390843
-0.0652424
-0.0524997
0.42234
-0.0679486
-0.0692989
-0.0609642
0.611738
0.622505
0.649856
0.660684
0.689363
-0.787085
-0.0839874
-0.0907595
-0.519103
-0.71462
0.0650647
-0.0417838
-0.0454008
0.522283
0.518285
0.550201
0.330525
0.281012
0.0443305
0.559426
-0.0924111
-0.0993444
-0.170965
0.00145537
-0.0805065
0.224428
-0.0975895
-0.388041
0.0791665
0.106533
-0.225437
0.468265
-0.168595
-0.183122
-0.247902
-0.385741
0.546903
-0.0956232
-0.0887956
0.368894
0.166875
0.657163
-0.270885
0.345146
-0.425499
0.0605974
-0.18176
-0.757586
-0.382437
-0.124934
0.466415
-0.0304896
0.155366
0.0201295
-0.00638352
-0.352862
-0.39504
-0.0174022
-0.0553943
0.258227
0.235545
0.211717
-0.156691
-0.162733
-0.149846
-0.0817549
-0.23098
0.57672
0.220365
0.21044
-0.0388386
-0.33111
-0.478085
0.425678
0.0761953
-0.0945077
-0.0524915
0.231938
0.74055
0.16249
-0.272405
-0.342414
0.491157
-0.437362
0.0819054
-0.106788
-0.0041165
-0.60425
0.124232
0.26103
0.636821
0.0644825
0.0744964
-0.133047
-0.0349494
-0.503997
-0.531281
-0.534519
-0.526357
-0.0334061
-0.0131783
0.637751
0.156112
0.546538
0.199561
0.20902
0.379302
0.0147641
0.11026
0.0295911
-0.364479
0.491771
-0.651974
-0.0161942
0.197216
0.122049
0.1444
0.124004
0.165034
0.167038
0.0993277
-0.195444
0.100186
0.218606
0.00755229
0.133668
-0.141906
-0.00508907
0.717963
0.0771549
0.28328
-0.463243
0.0104518
-0.00894886
0.00641075
-0.263325
-0.618888
0.686743
0.214023
-0.109351
0.440748
-0.078681
-0.128945
-0.131779
-0.212532
0.291396
-0.082402
-0.106238
-0.164554
-0.0393223
-0.0275686
0.0397507
0.0741101
0.622954
0.0477164
0.0424766
0.0338888
0.124958
-0.391519
0.807389
-0.192793
0.55558
0.148251
0.209653
-0.238769
-0.0470953
-0.0361761
0.0958924
0.169527
0.0838179
0.0814666
0.333676
-0.108679
0.0152949
0.727655
0.640199
0.359833
-0.0342687
-0.141168
-0.415116
-0.268184
-0.0564163
-0.0058449
-0.0058694
-0.00348726
0.375202
-0.1028
0.0066579
0.0066167
0.00424496
0.276049
0.0874887
-0.735848
-0.0219801
-0.124419
0.10991
0.0233967
0.0522319
0.423753
0.00448984
0.00262082
-0.108754
0.0767166
-0.197877
-0.0887393
0.105149
0.299312
0.526154
0.567865
0.189842
0.0975273
-0.0306274
-0.0278613
-0.0198172
-0.0234621
-0.0122196
-0.0246165
0.237185
-0.665837
0.0526554
0.0305204
-0.0502766
0.391316
0.106637
0.0890577
0.0614736
0.0821015
0.100162
-0.0442434
-0.0412131
0.046371
-0.0279015
0.0709997
-0.0160476
-0.00209495
0.51229
0.293716
0.0148617
0.807427
0.46883
0.376067
0.709553
-0.20641
0.0856772
0.641034
-0.221527
-0.0025016
-0.00178968
-0.738568
0.109374
0.220968
0.457977
-0.466978
-0.11182
-0.269711
0.714054
0.000746294
-0.148305
-0.0364485
0.110571
-0.326272
0.0381674
0.117187
-0.0365226
-0.112636
0.148276
0.273853
0.242033
-0.0202871
-0.219233
0.0417161
0.0362863
0.237386
0.396708
0.020143
0.0162262
-0.15819
0.115827
0.0115176
-0.347987
0.0715598
0.543815
0.683656
0.077402
0.137499
-0.0923318
0.139555
-0.0242471
0.21026
-0.12721
0.252647
-0.05397
-0.0394835
0.524576
-0.108493
-0.257122
0.0969532
-0.0269606
-0.0368732
0.107627
-0.220231
-0.228018
0.129545
-0.0216756
-0.237437
0.0234509
0.661798
0.646971
0.0321972
0.0207302
0.0184194
0.119953
-0.41629
-0.307755
-0.439069
0.0302733
0.577763
0.24354
0.0154199
-0.204474
-0.240553
-0.364311
-0.0428587
0.0280516
0.0238674
-0.327644
-0.234422
-0.0108513
-0.0638816
0.091452
0.188218
0.142025
0.0476712
-0.597047
-0.0536595
-0.0465274
0.148454
-0.691274
0.133276
-0.372618
-0.271578
0.26928
-0.0683166
0.229775
-0.228204
-0.142257
-0.201845
0.0740194
0.391098
0.313617
0.26428
0.48743
0.0288507
0.0210015
0.021332
0.0208625
0.0136888
-0.563542
-0.159221
-0.032334
-0.665627
-0.0350474
0.0552522
0.308253
0.0415115
0.0291791
0.0316796
0.0253905
0.0177141
0.0227577
0.0978436
0.138198
0.0376282
0.0503609
0.132741
0.0354955
0.0208333
-0.0638694
-0.0436107
-0.0360211
-0.0222422
0.583657
-0.0744054
0.555085
0.00229808
-0.13831
-0.0638247
-0.492087
0.496899
-0.0265441
-0.374985
-0.149234
-0.0649682
0.742066
-0.0235701
-0.0158332
-0.0156581
-0.0161106
-0.0102896
0.0174572
-0.115871
-0.409756
0.106105
0.0869391
0.393943
-0.0311773
-0.0964905
0.0422327
0.212035
-0.25798
0.0282739
-0.384765
0.265643
0.0287918
-0.107541
-0.101619
-0.131887
0.0898172
-0.00635473
-0.543289
-0.578924
-0.041038
0.1175
-0.015554
0.0882934
-0.0238457
-0.218481
-0.127137
-0.0384452
-0.0282058
0.142885
0.173326
-0.289425
-0.400474
0.178413
0.0660511
-0.0963196
-0.0188645
-0.528814
-0.0728551
-0.0527668
0.044277
-0.104781
0.028677
-0.274074
0.207766
-0.042814
-0.0218975
-0.0159046
-0.0155491
0.0286116
0.0724711
-0.245018
-0.301906
-0.0799665
0.0526234
0.0385365
0.0399822
0.0372609
0.0250905
0.0260384
-0.393179
0.025055
0.0191646
0.0198425
0.018292
0.012906
0.0133655
-0.0453082
-0.0312834
-0.0330601
0.285642
-0.286997
-0.0237969
0.048895
0.256626
-0.194762
0.183836
0.36369
0.522279
0.348634
0.119038
0.0271911
0.0740567
-0.155979
-0.245405
-0.325733
0.2003
-0.0515892
-0.0413573
-0.350419
-0.0266377
-0.260149
0.0243019
-0.0220178
0.0160355
0.00471627
-0.0589701
0.165079
0.0227804
-0.066054
-0.0555566
0.13353
-0.0509124
0.0503618
-0.406439
-0.518702
-0.172914
0.156606
0.0562151
0.0416933
0.0423002
0.0282184
0.0275026
-0.0184536
-0.0127419
-0.524418
-0.18632
0.0844167
0.0640038
0.062692
0.0442867
0.0382543
0.0607298
0.042424
0.0237053
0.0425323
0.0284636
0.0492474
0.0344535
0.055904
0.0422487
0.031342
0.0636657
0.668541
-0.618466
-0.580611
-0.149547
0.0581843
0.0500547
-0.059
0.0207468
0.0161556
-0.175107
-0.555044
0.545149
0.0156704
0.0109818
0.0123865
0.00950164
0.00685981
0.00553626
0.00791297
0.00618071
-0.0159054
-0.0111875
-0.238854
-0.0498548
-0.0567515
-0.0381367
-0.00849252
-0.416375
0.113079
-0.165199
-0.390556
0.169383
-0.0474892
-0.0341125
-0.0321823
-0.016892
0.0376215
0.0246929
0.553345
-0.469159
-0.434002
0.426181
0.550406
-0.10654
0.0568871
0.0417721
0.0410528
-0.23051
0.582514
0.0589898
0.0387061
0.0330576
0.0428681
0.0289739
-0.399192
-0.0132333
-0.0036666
-0.0411564
-0.0758688
0.0814808
-0.047214
0.00906918
0.0461354
0.180888
-0.651101
0.0453307
0.0506561
-0.0459715
-0.0309421
0.307902
0.309975
0.434969
-0.00570013
-0.00827143
0.00247294
0.330861
-0.526562
-0.0129705
-0.00943426
0.0287365
-0.743694
0.161108
-0.0549534
-0.123743
-0.25513
0.146296
-0.3459
0.190812
-0.0100103
-0.00715296
-0.0434263
-0.0293285
0.00910717
0.00852161
0.412016
0.0696988
-0.553067
0.304338
-0.0484542
-0.487827
-0.0502655
-0.0329261
-0.0560597
-0.0476465
-0.653879
0.54689
0.0767128
0.675421
0.0555731
0.198871
0.216199
-0.257734
-0.4006
-0.0742835
0.0723034
-0.76255
-0.103274
0.452253
-0.567433
0.0121438
-0.278408
0.207539
-0.373922
-0.404233
-0.432919
0.0465296
0.0514136
0.113052
0.132406
-0.055695
-0.269333
-0.566131
-0.106746
-0.608917
-0.0961831
-0.139461
0.416055
0.0110177
0.0423999
0.0255334
0.0321459
0.129692
-0.00587453
-0.00433601
-0.00438354
-0.00207033
-0.00155811
-0.111003
-0.599463
0.103038
0.0525949
0.0363512
-0.00130056
0.247924
0.560812
-0.128912
-0.0349862
-0.0176754
-0.291046
0.388576
0.70607
0.0635763
0.0481831
0.0296401
-0.0861756
0.185046
-0.368353
-0.0617929
-0.688113
0.027572
0.00723086
0.00445461
0.204819
0.277322
0.00440725
-0.0345004
-0.0222879
-0.502609
-0.00305188
0.129349
-0.0707881
-0.355923
-0.0889343
0.121061
-0.522882
-0.04853
-0.290042
-0.5133
-0.281079
0.0464111
-0.337723
-0.136674
-0.20356
-0.767995
0.301096
0.0810798
0.208456
0.328825
0.0424118
0.0321832
0.0458129
0.0387266
0.0219831
0.0502044
-0.110288
0.0940093
-0.785669
0.0409775
0.00274861
-0.0508057
0.000193553
0.000546423
0.358693
0.515251
-0.374754
0.209043
0.0282204
0.378685
-0.29869
0.707261
0.075478
-0.0345488
-0.0243402
0.209633
0.0118353
0.00836519
0.00540148
-0.29597
-0.0427846
-0.0325392
-0.02032
-0.0353789
-0.110753
-0.520161
-0.41373
0.208254
-0.358998
0.0317207
0.0243001
0.197723
-0.141818
-0.013046
-0.00988292
0.358646
-0.0349156
-0.0527847
0.0317721
0.0855672
-0.171454
0.44918
0.331126
0.0424688
0.0437574
-0.130045
-0.32017
0.14833
-0.340668
-0.298107
-0.377596
-0.283269
-0.160861
-0.018988
0.191132
-0.297929
-0.0475474
-0.518922
-0.199071
0.68246
0.220736
0.280396
-0.00397767
-0.00398312
-0.512958
0.126405
-0.156457
-0.18077
0.285668
0.0433761
0.0242296
-0.344983
0.051048
0.260492
0.498423
-0.142693
0.135733
0.694043
0.62328
-0.221092
-0.26649
0.766499
-0.370756
0.229073
0.315146
0.00471639
-0.618463
0.284272
-0.310813
-0.619659
0.409402
0.330383
-0.0234093
0.559562
-0.545829
0.606925
0.686186
0.139583
0.330504
0.201297
-0.671292
-0.0931332
-0.0400441
-0.0836498
0.713473
0.0631832
0.249282
-0.21829
-0.0209391
0.0541372
0.0237528
-0.0464895
0.0174361
-0.750425
-0.268471
0.113084
0.0816905
-0.096314
0.118131
-0.153905
0.0568084
-0.211483
-0.491513
-0.110859
0.278938
-0.633637
-0.260324
-0.0120143
0.0137194
-0.171161
-0.544682
-0.0962528
0.449326
-0.485796
0.0691825
0.0397843
-0.00635719
-0.151779
0.334689
0.305132
0.571575
-0.00842986
0.00294732
0.0654811
0.108063
0.0319399
-0.114073
-0.647535
-0.294217
0.0926623
0.0189983
0.015336
0.00918378
-0.242172
0.116964
-0.344873
-0.457335
0.315909
0.012725
-0.0542601
0.124531
-0.0436103
-0.148029
0.501942
-0.457408
0.696071
0.193622
0.109421
-0.187624
-0.0276457
-0.272
-0.334156
0.0985965
0.0205386
0.0794456
0.0758977
-0.0145913
-0.0795385
-0.084799
-0.106393
-0.403054
0.440333
0.560127
0.101083
-0.0317292
-0.0293114
-0.0381926
-0.0268347
-0.0202901
-0.0143265
0.0202333
0.0109602
0.010292
-0.216084
-0.334691
0.272162
0.0766401
-0.0302775
0.471401
0.284245
0.21238
0.0438125
0.23035
-0.132273
-0.0954674
-0.649055
0.00139657
0.0639409
0.00910382
-0.1453
-0.0075109
0.32278
0.0226893
0.0152358
0.0253727
-0.0950353
-0.177395
-0.0656087
0.456558
0.113259
-0.0603379
-0.118199
0.0808558
0.740841
0.129586
0.109519
-0.0356113
0.634451
-0.342782
-0.0616582
0.119936
-0.0102494
-0.00571111
-0.0118582
-0.00685103
-0.0130533
-0.159948
-0.0228425
-0.460856
0.0975331
0.192729
0.224353
-0.795415
-0.276813
-0.0115668
0.0333952
0.106713
-0.0220528
0.0106401
-0.510874
0.0771526
0.166015
0.521688
0.0236528
-0.262223
-0.00814831
-0.00497684
-0.100509
-0.0910329
0.544858
-0.0388424
-0.0191762
-0.594163
0.0811604
0.136421
0.125527
-0.206453
0.162135
0.190627
-0.328361
-0.219114
-0.108225
-0.0949431
0.0355033
0.0184722
-0.120885
-0.188208
0.0122764
0.0216079
-0.0361483
-0.127062
0.284611
-0.0104649
-0.0257608
-0.0474712
-0.0469116
-0.0227056
-0.00881946
-0.00340701
0.0746753
-0.0989498
0.527729
-0.0760876
-0.258566
-0.562368
-0.053534
-0.479887
0.0590972
-0.0460874
-0.0213429
-0.0386505
-0.273634
0.391891
-0.478177
-0.0566863
-0.0469314
-0.61308
-0.134657
0.236619
0.418633
0.141932
-0.757659
0.514805
-0.427893
0.0988797
0.014937
-0.0321634
-0.0265613
-0.137409
-0.0336435
0.518878
-0.0915281
0.0424325
0.59895
0.0634825
0.350907
-0.301799
-0.165334
-0.181963
0.0708956
0.302913
0.42999
0.4936
0.0386669
0.0404502
-0.0943793
0.165576
-0.706185
0.020035
-0.241129
-0.569777
-0.105552
0.608658
-0.14387
0.273449
0.105358
-0.279452
-0.520464
0.0644368
0.0410544
0.0172431
0.0111167
0.0557781
-0.0335515
-0.212518
0.309299
0.0136154
0.00819212
0.0425304
0.0282588
0.5891
-0.17339
-0.46528
-0.317173
0.16878
-0.0485367
0.104836
0.289828
0.0110152
-0.318617
0.0198555
-0.200372
-0.54265
-0.089413
0.064498
-0.115861
-0.11329
-0.449194
-0.560302
0.117669
0.0461774
0.220772
0.0494278
-0.0287159
0.093633
0.12255
-0.202644
-0.0362191
0.276964
0.480666
-0.031656
-0.259331
-0.156119
0.147869
-0.249795
0.0997791
0.094144
-0.0483035
-0.0212446
-0.0402387
-0.0580931
-0.449419
-0.252843
-0.485555
0.360856
-0.723231
0.0879374
-0.183433
-0.0908846
0.035504
0.0333436
0.0199898
0.0225665
0.136344
-0.0775245
0.46961
0.00938858
0.583449
0.294205
-0.797087
-0.291557
0.109506
0.0906931
0.620099
0.100907
-0.542412
0.015612
0.124219
-0.256037
0.211533
-0.189532
0.248769
-0.0963855
-0.209668
-0.211493
0.344496
-0.101062
0.104513
-0.0583879
0.0211515
-0.0542372
0.103797
-0.0919156
-0.434582
-0.696898
0.0969734
0.0696321
0.020737
-0.616302
-0.516772
-0.0873299
0.539896
0.0711377
0.111747
0.0788566
0.263956
-0.114751
-0.0179385
0.019233
-0.221638
-0.0293428
-0.170828
0.130302
-0.0954871
-0.145436
0.220916
0.00739403
0.0867999
0.0898037
0.100546
0.583823
-0.00572508
-0.0857032
0.26
0.0939638
-0.27147
0.18829
-0.0986923
0.558296
-0.503008
-0.794843
-0.0805247
-0.289254
0.134225
0.100479
-0.236049
-0.0604517
0.331497
-0.500047
0.0256508
0.0840035
-0.589232
-0.1083
0.072334
-0.531111
-0.137046
0.62995
-0.405827
0.0276314
0.0613173
0.110639
0.140607
0.0571507
0.402708
-0.26789
-0.0247479
0.0698638
-0.0142989
0.378233
0.0154547
-0.0755008
-0.24749
0.240253
-0.0822172
0.00483552
0.277133
0.141865
-0.252384
0.0756652
-0.752761
-0.176097
0.368498
-0.105831
0.0118408
0.165684
0.314744
0.0454947
0.102422
-0.103687
0.255237
-0.0682789
-0.0814382
0.0483799
0.0910042
0.111668
-0.181789
-0.215499
0.598207
0.075834
0.142692
0.0312407
-0.111777
0.0620796
-0.194178
-0.138835
-0.085205
0.22926
0.0239276
-0.138555
0.381887
0.0881333
0.148364
-0.0190847
0.385543
0.508435
-0.497273
0.676382
0.147489
-0.550479
0.0523965
-0.0106771
-0.722838
-0.29643
0.113332
-0.484901
-0.0701766
-0.0604787
-0.633173
-0.0747277
0.0561554
0.0662964
0.346299
-0.162614
0.0806879
0.561797
0.655495
-0.0739279
-0.407749
0.0770486
-0.20603
0.365929
0.645727
-0.11327
0.0115007
-0.0990667
0.0893028
0.351827
-0.0754323
-0.27391
-0.530001
0.0916496
-0.180181
-0.0136964
-0.0798446
0.117354
0.0545914
0.0355941
0.201766
0.0407891
0.0946486
-0.603613
0.045514
0.503286
0.356663
0.0570127
0.17603
0.190076
0.641447
-0.0847774
0.528048
0.258262
-0.0626212
0.183256
0.232451
0.333375
-0.380113
-0.0808364
-0.147859
0.00484028
0.0355012
0.324751
0.0886233
-0.20755
-0.535962
-0.775663
0.0800253
-0.0903031
-0.0899821
-0.129628
0.0539412
0.0479371
-0.0613913
0.569205
-0.097036
-0.0694452
-0.452957
0.397169
0.137786
-0.300808
-0.0703309
0.105148
0.175293
-0.0800742
-0.0731853
-0.250265
-0.578258
0.245467
0.179953
0.214783
-0.203098
0.085678
-0.754151
-0.644252
-0.477333
0.0678375
0.0603607
0.375592
-0.117758
-0.105551
0.369858
-0.0344882
-0.106057
-0.0521395
-0.301909
-0.175263
0.083385
-0.554263
0.498369
0.192986
-0.067225
-0.0644467
-0.069443
-0.0560994
-0.37365
0.0642516
-0.401933
-0.0800759
0.0773108
0.0687925
0.0651359
-0.187737
-0.612489
-0.178404
-0.0638007
0.349705
-0.0757477
0.0264046
0.196481
0.210101
0.0570545
-0.103976
-0.668275
0.274334
0.0396554
0.124477
-0.277874
-0.15781
-0.0634213
0.404577
-0.135891
0.0653045
-0.599209
0.157208
0.0953428
0.0599451
0.127521
0.206397
0.00276934
-0.506002
-0.0533992
-0.0584731
0.259733
-0.060678
-0.0426784
0.385182
-0.137684
0.0487831
0.0544671
-0.649204
-0.0374902
-0.0220361
-0.209928
-0.0810747
0.571262
0.113652
0.178532
-0.0530761
-0.30189
0.00116684
-0.122272
-0.183008
0.0286201
0.0717023
0.363368
0.0380692
0.0928791
-0.277024
0.47234
-0.239134
0.533398
-0.19326
0.171858
-0.16966
0.0262493
-0.0653355
0.0614804
-0.649337
-0.184459
0.288041
0.241853
0.469268
-0.0849037
-0.036483
-0.0251687
0.0568718
-0.123921
0.548801
0.0499203
2.17146e-05
0.0786235
-0.201814
0.0193162
0.442252
-0.168755
-0.0633092
0.0454709
-0.16324
0.397433
0.167115
-0.614971
-0.0480401
0.0461566
0.132446
0.38587
-0.162968
0.271673
0.25658
0.0498265
-0.2989
-0.0540179
0.00756318
0.00511106
0.374042
-0.214449
0.117497
-0.0416523
-0.108584
0.0677024
-0.273364
0.0391129
0.248373
0.144496
0.440604
-0.000686139
-0.20215
0.384741
0.0540617
-0.196556
-0.644941
0.042383
-0.185647
0.493442
0.29901
0.406307
-0.0584147
0.0505452
-0.217628
0.135664
-0.125907
-0.0356213
-0.609384
-0.29298
0.269334
0.280958
-0.185385
0.0366225
0.283249
0.0384004
0.156362
-0.0556
-0.212443
0.119681
-0.0304981
-0.28895
-0.080206
-0.216496
0.481751
-0.126209
0.034552
0.0271347
0.0344738
0.183184
0.150392
0.295028
-0.19748
-0.634521
-0.0472172
-0.262727
0.514281
0.306939
-0.163243
-0.0684242
-0.0451327
0.491411
0.137023
-0.109433
0.0288229
0.431021
0.417292
-0.0237528
0.282555
0.128217
-0.598231
0.287324
0.480909
-0.447098
0.136966
-0.278839
0.190488
-0.0493793
-0.183175
-0.215957
0.398287
0.32222
-0.590681
-0.160751
0.45859
-0.167355
-0.252373
-0.0460336
0.0266864
-0.125367
-0.19594
0.119555
0.137411
0.311607
0.448603
0.0228889
-0.124203
-0.0387783
-0.121028
-0.266143
0.130454
-0.178779
0.290582
0.135322
-0.266892
0.484403
0.406645
-0.239602
0.0683006
0.0187365
-0.12659
0.519042
0.506207
0.475969
-0.106153
-0.175793
0.108926
0.492774
0.513952
0.133721
0.388949
-0.232372
0.462287
0.328676
-0.0390269
-0.0725664
-0.153186
0.481825
0.31288
0.473923
0.44366
-0.0354291
0.0156372
0.11507
0.115752
0.0116071
0.00935181
0.0279059
-0.120354
0.281568
0.290624
0.360171
0.45013
0.499685
-0.145227
0.0122398
0.181109
-0.0101884
-0.0294766
0.43658
-0.117664
0.407547
0.46777
-0.134481
0.301517
-0.0645055
0.128937
0.316875
0.0096291
0.406658
-0.290197
0.31071
-0.168333
0.379005
0.481613
-0.0282025
0.125754
-0.136876
0.27609
-0.0519472
-0.163897
0.449985
0.373708
-0.0246355
0.10608
-0.0435979
0.00603242
0.347816
-0.14139
-0.166296
0.187157
0.293511
0.127838
0.459964
-0.0201068
0.00326987
0.428932
0.338668
0.267995
0.00218455
0.117817
-0.0350684
-0.153726
0.320663
0.484643
0.349366
0.382033
-0.0177439
-0.148039
0.297966
-0.00146806
0.282893
-0.0144762
0.762189
0.381464
-0.125898
0.25747
0.382551
0.050071
-0.516623
0.356826
-0.0164981
0.726905
0.269904
-0.135593
0.334113
0.244747
0.692154
0.0439213
-0.128888
0.33241
0.260605
-0.192315
0.0379917
0.0759501
0.254821
-0.107348
0.244712
0.306721
0.318434
0.183348
0.424135
0.0947587
0.230088
0.0217032
0.228914
0.074245
0.0309633
-0.114653
-0.207029
0.0545332
-0.0985442
0.237948
0.0263592
-0.205131
-0.120443
0.213778
-0.0199179
-0.0995031
-0.0796015
0.0187457
0.219603
0.515796
0.451711
0.0154772
0.196116
-0.0607749
-0.246512
0.210908
0.445832
0.651385
0.00756678
-0.0427854
0.195953
0.212925
0.416284
0.00561763
0.302379
0.28742
-0.349426
0.370726
0.167737
0.166437
0.279823
0.51369
-0.00231709
0.362143
0.0975964
0.285998
0.264487
0.336413
0.148181
-0.0034116
0.0776125
0.241899
0.319322
0.619879
0.222899
-0.0101457
0.0580051
0.585286
0.201322
0.0355938
0.223046
-0.281565
0.551683
-0.0916487
-0.00157151
-0.399255
0.403941
-0.00149073
-0.00124516
-0.000802743
-0.0114335
0.200885
-0.33496
-0.509328
0.128467
0.18872
0.262252
0.167699
0.114131
-0.00872299
0.341176
0.0985732
-0.00816271
0.235327
0.321396
0.164488
-0.0561478
-0.00567311
-0.170476
-0.069346
0.218058
0.186074
-0.0636147
0.172705
-0.0216732
0.127452
0.190028
-0.404834
0.192189
-0.366107
0.398291
0.304348
-0.221506
0.175227
0.055025
-0.340565
0.033714
-0.330814
0.158162
-0.0844831
0.0329287
0.169108
-0.387564
-0.305203
0.0325487
0.193747
-0.0714992
0.1514
0.0228682
-0.0514045
0.14227
0.14102
-0.0695076
0.00480992
0.0648652
-0.0625082
0.483107
-0.571721
0.116934
0.0932978
-0.521955
0.0769201
0.280965
-0.178673
0.0540367
-0.272361
-0.101549
0.177899
-0.151686
0.132345
0.162743
-0.111897
-0.0906568
0.173729
-0.0876192
-0.378518
-0.22593
0.152717
0.144005
0.179457
-0.113443
0.291884
0.0897744
-0.464531
0.277974
0.256983
0.243972
-0.243877
-0.195442
-0.555315
-0.180419
-0.494175
0.0617629
-0.00635112
0.336105
0.0522243
-0.448858
0.0406269
-0.124368
0.154942
-0.430412
-0.408069
0.0171111
0.0741042
0.106225
0.0151226
-0.0217093
-0.240369
0.331247
-0.187183
-0.208334
-0.230103
0.0655789
-0.154644
-0.21952
0.0651302
0.0572857
-0.273677
0.337552
-0.253567
-0.212778
0.00123684
-0.349994
-0.330029
0.371463
-0.0568441
-0.231741
-0.247696
-0.174692
-0.17174
-0.070097
-0.458367
-0.408567
-0.381766
0.324603
-0.429393
-0.00298693
-0.328929
-0.176355
-0.188937
0.304498
-0.238457
-0.298114
-0.442766
-0.1329
-0.0768804
-0.163343
-0.137692
-0.411955
-0.143356
-0.323358
-0.390796
-0.365974
-0.154888
-0.402945
-0.36221
-0.306444
-0.475497
0.867475
0.836397
0.481299
0.80465
0.47469
0.772908
0.443032
0.73035
0.435389
0.700214
0.0198159
0.00978532
0.670138
0.632023
0.595144
0.567844
0.540667
0.513663
0.328086
0.306759
-0.0282572
0.404523
0.382156
0.352848
0.347932
0.283062
0.259705
0.236694
0.213182
0.189965
0.168491
0.146118
0.125459
0.103846
-0.0424321
0.0839289
0.0630341
-0.765337
0.0382863
0.0230986
-0.195997
0.211097
0.0528448
-0.952449
-0.453132
0.000180994
-0.0249384
0.502279
0.0976124
0.0198457
0.0176626
-0.164699
-0.0202506
-0.0759996
-0.472636
0.0223716
-0.0294653
-0.0144913
-0.359229
-0.70994
0.0337942
0.00946421
0.704503
-0.0335835
-0.0241831
-0.00743988
-0.0550489
-0.0353103
-0.824216
0.797625
0.841976
0.825068
0.00529725
0.0309187
0.0205585
0.0299819
-0.0102819
-0.00483798
-0.010558
-0.0145271
0.0142535
-0.00974638
0.0139486
0.0152266
-0.00145158
0.0182402
0.0149914
-0.0122528
0.00711079
-0.012883
-0.0175181
0.0191701
-0.0182667
-0.0146256
-0.0102955
-0.0102634
0.0140689
-0.0102513
0.016503
-0.00200111
0.0178922
-0.015198
-0.0164426
-0.0167436
-0.016666
0.017737
0.0180299
0.00564733
0.0123583
-0.009129
0.0159476
-0.00648699
0.0209235
0.00368894
0.00400518
-0.00380804
0.0182937
-0.0191457
-0.0201098
-0.000833377
0.0129315
0.0132975
-0.0161106
-0.0198894
0.00226262
0.00108675
0.00141398
0.000524339
0.00937826
-0.400708
-0.0353839
-0.00934872
-0.0139434
-0.0321764
-0.143149
-0.0181635
-0.0204904
0.737082
-0.0202241
-0.0137834
-0.0113685
-0.00333468
-0.0188378
-0.0177741
-0.903469
-0.0241661
0.0061331
0.0132397
-0.0120034
0.00968703
0.0396953
0.0108221
0.810498
0.016463
0.00279634
0.0328201
0.0686418
0.0611656
0.900581
-0.00618733
-0.0192731
-0.192199
0.0136183
-0.560164
-0.839096
0.0492503
-0.375131
0.00552395
0.0181136
0.0268265
0.0373793
-0.035924
-0.356198
0.0126433
-0.0370122
-0.0180735
-0.0186203
-0.00774335
-0.0329547
-0.0154988
-0.0209956
0.908811
-0.511301
0.582481
-0.0111298
0.0268797
0.00524921
0.0169618
0.0109698
-0.253343
0.652386
0.028074
0.00603019
-0.303411
-0.647798
-0.00576028
-0.260399
-0.854707
-0.0170151
0.501716
-0.0190712
0.0121515
0.0104232
0.015255
-0.0369922
-0.00509047
0.010807
-0.0204713
-0.00784516
0.00200437
0.0349304
0.00676307
-0.702144
0.00509227
0.0386723
0.0140832
-0.239096
0.00653223
-0.621726
-0.00778648
0.0162584
-0.00545984
-0.0303414
-0.927374
-0.425127
-0.66793
0.687115
-0.0312349
-0.0190614
0.90854
0.819017
-0.0160063
0.1294
0.530772
-0.0448687
-0.0819478
-0.606335
-0.0337673
-0.0381206
0.0188066
-0.0155759
-0.250866
0.047921
0.0123565
0.00441963
-0.00381133
0.0543589
-0.0219473
-0.00515211
-0.00619584
0.075243
0.00725657
-0.0184208
-0.551362
-0.910944
-0.0330291
0.00608074
0.0283706
-0.00215391
0.0138836
-0.0160046
0.71876
-0.0176154
-0.0162722
0.0122981
0.00718854
-0.000488577
-0.0275044
0.784838
-0.0115428
0.0323462
-0.0167053
0.689717
0.0375591
0.0252909
-0.0134525
0.0150481
0.0136958
0.00187069
-0.016738
0.00248788
0.333895
-0.0284403
0.0080052
0.312148
0.831
-0.00657052
0.274607
-0.920215
0.00729031
-0.00870376
0.00334414
0.0240574
0.0147493
0.0281007
0.0142371
0.0174957
0.429694
0.0100185
-0.0337343
0.00123503
-0.911557
-0.0708929
-0.75318
-0.878146
-0.0164255
0.0134931
-0.0370959
0.729385
-0.790834
-0.0143805
-0.00131413
-0.0154824
-0.793768
0.0333735
-0.0175835
-0.298567
0.0364729
0.000113977
0.0862985
-0.519225
0.141635
0.521909
-0.0265261
0.130357
-0.0148504
0.0153261
0.0166035
0.946285
0.00676186
-0.836466
-0.0149496
-0.0355401
-0.0204298
-0.0177868
-0.0155852
-0.696766
0.0440351
-0.000389295
0.0105001
0.229779
0.0085037
0.0171603
0.00893703
0.0141657
0.0339093
0.580708
0.0251442
0.777179
0.172597
0.0101122
0.0143751
0.00344379
-0.018405
0.0195564
-0.484779
-0.0159633
-0.0154724
-0.00240453
0.476624
-0.00403328
-0.028094
-0.0951742
0.0278072
0.0174168
0.0142987
-0.0065452
0.0306368
0.00135162
0.0352344
-0.027883
0.00374616
0.4054
0.0135123
0.838223
-0.00256334
0.0176527
-0.00668234
-0.0151772
0.0279401
0.0356895
0.0175394
-0.0311544
-0.246857
-0.0224081
-0.0153415
0.0143774
0.548079
-0.413517
0.0108375
0.960052
0.830337
0.0305214
-0.0144042
0.00724864
-0.0199429
0.835504
0.845991
-0.610067
-0.00884652
-0.0132685
0.0202073
-0.0337731
0.0305437
-0.00323267
0.0318378
0.0279528
0.0363767
0.745401
0.0187709
0.00301483
-0.0140239
-0.756399
-0.686739
-0.876905
-0.00356275
-0.0267641
0.676849
0.390337
-0.00673455
-0.0300524
-0.00209013
0.776125
0.0283278
-0.0276651
0.00842773
0.00298462
0.0280367
0.0270326
-0.0155512
-0.0332361
-0.0318588
0.0180728
-0.85226
-0.86964
0.0099894
-0.941741
-0.954061
0.0618202
0.00692323
-0.0346197
0.0320782
0.0232571
-0.00253377
0.184501
0.846078
0.0385517
0.0342011
-0.029686
0.65195
0.0100789
-0.00208291
-0.0343678
-0.170619
-0.00234366
-0.035532
-0.00957506
-0.0146883
-0.0135224
-0.000272743
0.559277
0.223368
-0.511959
-0.018958
0.573413
-0.853979
-0.0222303
0.0150071
0.870912
0.187233
0.000491096
0.775216
0.0154484
0.00222535
-0.757636
0.0367932
-0.905772
-0.0105715
0.826171
-0.124587
0.429114
0.361838
0.00412335
-0.46384
-0.867927
0.072991
0.0120845
0.00826749
-0.664468
0.0131285
-0.746171
0.702763
-0.0278725
-0.000336189
-0.0106674
0.368382
0.0152317
0.0321781
-0.11728
0.83052
0.0139436
0.00232196
0.0156153
-0.850617
0.022037
0.0323309
0.00104911
0.0351936
-0.035525
0.0261284
-0.226674
0.266149
-0.053214
0.0317005
-0.266045
0.0110852
0.0362046
0.0181217
-0.0125389
-0.00182877
0.028639
0.57205
-0.536712
-0.0168792
-0.418496
-0.499422
-0.865759
0.594762
-0.01061
-0.0056854
0.0630301
-0.347323
-0.392309
0.347691
0.676773
0.0159547
-0.00605707
0.842019
0.0159513
-0.00393744
0.448591
-0.0360777
-0.0110331
0.959869
0.0110124
0.710725
0.805962
0.0142438
-0.0129633
0.0316475
-0.91152
-0.013642
0.226458
-0.00854505
0.032477
0.433219
-0.0123918
0.0131648
-0.00699115
0.293854
0.00452174
-0.537708
0.0105016
-0.381639
0.0176022
-0.014575
-0.0121023
0.012436
0.00162368
0.00629647
-0.773602
-0.693602
0.318437
-0.0189688
-0.0237993
-0.00408814
0.013386
-0.0172022
-0.153037
-0.032516
0.0154994
-0.880767
-0.0272754
-0.0335798
0.0253754
-0.00746636
0.0117115
-0.733308
0.765005
-0.0273552
-0.0222778
0.0274251
0.287789
0.643997
-0.0146773
-0.00374137
-0.288155
0.0133968
0.624825
-0.0225
0.000855809
-0.0291407
-0.0294198
0.00743229
0.10489
-0.0569395
-0.0287899
-0.0102839
-0.0042835
0.0139701
0.0141246
-0.88699
0.0271767
0.00697637
0.00314341
0.677978
-0.0248893
0.847281
-0.9067
-0.874666
-0.0197208
-0.0112113
-0.00833751
