1.56628e-17
0
0
0
7.67615e-17
0
0
1.18845e-16
0
0
0
1.66403e-16
0
0
1.93589e-16
0
2.06967e-16
2.12125e-16
0
0
0
2.2201e-16
2.21733e-16
0
0
2.14309e-16
0
0
0
0
0
0
0
1.49931e-16
0
0
0
0
0
0
0
3.89864e-17
0
0
-7.83628e-18
-0
-0
-0
-6.93606e-17
-0
-9.83542e-17
-0
-0
-0
-0
-0
-0
-0
-0
-1.97307e-16
-0
-0
-2.14309e-16
-0
-0
-0
-0
-0
-0
-2.16226e-16
-0
-2.06967e-16
-2.00778e-16
-1.93589e-16
-0
-0
-0
-0
-0
-0
-0
-0
-0
-7.67615e-17
-6.18732e-17
-0
-3.12476e-17
-1.56628e-17
0
5.55112e-17
0
0
0
1.11022e-16
2.22045e-16
0
0
0
0
0
2.22045e-16
0
0
0
1.11022e-16
0
1.11022e-16
0
5.55112e-17
0
0
-5.55112e-17
-5.55112e-17
-1.11022e-16
-1.11022e-16
0
-2.22045e-16
-2.22045e-16
-2.22045e-16
-2.22045e-16
-2.22045e-16
0
0
0
0
-2.22045e-16
0
0
0
0
-5.55112e-17
-2.77556e-17
-0
0
0.000158206
0.000108998
0.000183278
0.000188755
0.000125743
8.57453e-07
-3.9814e-05
2.45527e-05
-1.40995e-05
3.15968e-05
-2.30906e-05
0.00024022
0.000227702
0.000230869
0.000698855
0.000107117
0.000655087
0.000366793
0.000697644
0.000541928
7.82303e-05
-6.6806e-05
0.000524158
0.000547755
0.000814406
2.67888e-05
-6.79593e-05
0.000981551
0.00096931
0.00114893
0.00114336
0.000417898
0.000673212
2.42746e-05
0.000183337
0.000738014
0.000550631
2.15643e-05
3.75368e-05
4.93697e-05
0.000114116
0.000169184
0.00024982
0.000483714
0.00037929
0.000458648
-6.21735e-05
-8.97627e-05
0.0004587
-3.72758e-06
-8.70311e-05
0.000228992
0.000908593
0.000365839
0.000544784
0.00112763
0.000784494
-0.000109387
-0.000189587
-0.000193864
-8.38982e-06
6.34519e-05
0.00097388
-0.000258828
3.03951e-05
-4.87879e-07
0.000506122
0.00142351
0.00158234
0.00142368
0.00110542
0.00130612
0.00127218
-0.000403962
0.000116794
3.49399e-05
0.00010237
0.00053773
0.000900891
0.0013013
0.0016469
0.00160621
0.00177479
0.00156548
0.000577565
0.000112249
0.000593549
0.000788852
0.00107694
0.00148355
0.00176434
0.00171224
0.00207359
0.00187167
-0.000103949
-0.000454943
0.000857428
0.000204724
0.00045564
0.00167405
0.00161319
0.00248563
0.00329784
-5.49679e-05
0.000104552
-0.000176617
0.000416323
0.00128372
0.00167812
0.00216012
0.00325814
0.00232776
-0.000366802
0.000112845
-4.42937e-05
-0.000115659
0.000687681
0.000957668
0.00122597
0.0013461
0.00163847
0.00220669
0.00157375
-1.55377e-05
-0.00022431
7.03626e-05
0.000132388
-0.000117001
3.92235e-05
4.90816e-05
-0.000329932
0.00110234
0.00221437
0.00169211
0.00384032
0.00317258
0.000112524
0.00018167
0.000222621
-2.42479e-05
-0.000527748
-0.000567374
0.00041773
0.00200201
0.00289929
0.00386643
1.97781e-05
0.000500072
0.000692579
0.000848947
0.00121336
0.00102477
0.00120344
0.0011203
0.00175494
0.00203821
0.00126626
0.000688722
0.000383218
-0.000207265
0.000189342
-1.48843e-05
-4.85399e-05
-0.00044589
-0.000250533
-0.000436088
-0.000203105
-0.000232992
3.93166e-05
-0.000128138
0.000942354
0.00106034
0.00152318
0.001914
0.0021363
0.00167479
0.000689993
0.00018198
0.000431621
0.00102841
0.00103548
0.000854998
0.0013563
0.00168915
0.00180772
0.00169942
0.00162196
6.97398e-06
2.36831e-05
-0.000372225
-0.000476334
-0.00031304
-0.000553736
0.00109644
0.000709243
0.00257674
0.00383563
0.00114394
0.000911853
0.00255964
0.00408229
-0.000365304
0.000128881
-0.000202323
-0.000102655
-1.19234e-06
0.00016394
0.000364939
0.000659133
0.000935385
0.000828805
0.000896861
0.00152262
0.00169095
0.00125886
-0.00042009
-0.000273294
-0.000594763
-0.000700503
-0.000652775
0.00184697
0.000957297
0.00467819
0.00326715
0.00194322
-0.000113867
-0.000133671
-0.000559319
-0.00011253
-0.000124941
-0.000401291
-0.000584735
-0.000837051
-0.000914362
0.00060319
0.000290476
0.00409916
0.00220206
-0.000780345
1.73044e-05
7.28295e-05
0.000128328
0.000218352
0.000206797
0.000206867
0.000885628
0.000920036
0.000829199
0.00031981
0.000230591
0.000281149
0.000792153
0.000558753
7.65437e-05
7.82978e-05
-0.000591387
-0.000775216
-0.000950039
-0.00093543
-0.000573273
-0.000173938
0.00183273
0.00387985
-0.000630786
-0.000580858
0.000339343
0.000395312
0.00043588
0.000619175
0.000215916
-0.000559854
-0.000786245
0.000712046
0.000660231
0.000354877
0.000144766
0.000555965
0.000298629
0.000551532
-0.0010393
-0.00166445
0.000178076
0.000445724
0.000361389
0.000198997
0.000302573
0.000373109
-3.44425e-05
-0.000436323
-0.000343359
-0.000817635
-0.000823183
-0.0008465
0.000814152
0.000354431
-0.000128682
0.0038571
0.0020668
9.44668e-05
0.000492141
0.000415434
0.000398001
0.000448997
0.000345323
1.87662e-05
-0.00077092
-0.00217535
0.000338897
-0.000872191
-0.000647615
0.000389004
0.00183421
0.00355268
-0.000866446
-0.000766564
-8.67367e-05
4.91592e-05
0.000356566
-1.52443e-05
0.000302976
-0.000923277
-0.000812947
-0.000665503
-1.97029e-05
0.00338436
0.00185333
0.000211822
-0.000249482
-4.28084e-05
0.000506744
0.000280388
0.000447106
0.000123278
0.000292514
0.000276654
-7.60429e-05
-0.0013695
-0.00266913
-0.000497663
-0.00161146
0.000177928
-0.00030433
-0.000614017
-0.000824324
-0.000863866
-0.000481842
0.000201097
0.00164701
0.00289225
-0.00104363
-0.00103274
-0.000114606
-2.03352e-05
-0.000187256
-6.29056e-05
-0.000262997
6.60596e-06
0.000254411
-4.90476e-05
-0.000274432
-0.00322096
-0.00180451
0.00021647
-0.000241597
0.000151347
4.85909e-05
-0.000121554
-0.000291046
-7.99838e-05
-0.000266751
-0.000278938
-0.000523479
-0.00172204
-0.00377131
0.000136618
-0.000444459
-0.000635148
-0.000925656
-0.00104899
-0.000299442
0.00112579
-0.000317604
0.00255911
0.000140796
0.00026557
9.85015e-05
0.00011573
0.000184366
0.000221597
-2.75945e-05
5.71277e-05
0.000103809
-0.000218109
-0.000171552
-0.000215347
-0.000250851
-0.000281683
-0.00170028
-0.000793809
-0.00062486
-0.00348369
-0.00204757
-0.000509953
0.000794746
-0.000639766
0.0015232
0.000222812
-0.000724728
-0.000909916
-0.000890588
-0.000134585
-0.000424363
-0.000894613
-0.000990009
0.000907542
-3.85e-05
-0.000716453
-0.000850607
-0.000983371
-0.000732479
-0.000483558
-0.000575217
-0.00077625
-0.000568464
-0.000529769
-0.00186969
-0.00406654
-0.000259835
-0.000470773
-0.000889359
-0.00120761
-0.000893018
0.00122255
-5.52569e-05
-0.00109421
-0.000453855
-0.00107893
-0.000739184
-0.000104096
-0.000216907
-0.00181797
-0.00169346
-0.00392459
-0.00281127
-0.000553239
-0.000483207
-0.000610791
-0.000960996
-0.001707
-0.00126435
-0.00154517
-0.00422509
-0.00300377
-0.000947639
-0.000694162
2.47448e-05
0.0013414
-0.000321107
-0.000485817
-0.000569143
-0.000841867
-0.000777595
-0.000697566
-0.000758045
-0.00159379
-0.00210953
-0.00289692
-0.00434182
-0.00115411
4.75301e-05
0.000366942
-0.000754283
-0.00102315
-0.00108929
-0.00112593
-0.000532764
-0.00118907
-0.00095449
-0.00111905
-0.00185045
-0.00235146
-0.00465491
-0.0034678
-0.00105448
-0.00142915
-0.00184449
-0.00149009
-0.00185923
-0.00112867
-0.00484715
-0.0031117
-0.00235251
-0.00107134
-0.00108813
-0.00180567
-0.00420253
-0.00166817
-0.00287266
-0.00136222
-0.00124287
-0.00107996
-0.00123106
-0.00363485
-0.00141249
-0.00208125
-0.00128551
-0.00242156
