0.0261864
0.0261824
0.0259511
0.0260116
0.0260253
0.0259054
0.0258951
0.0259074
0.0258288
0.0258745
0.0259514
0.025864
0.0259208
0.0258929
0.0259632
0.0259592
0.025988
0.0258747
0.0259143
0.0258068
0.0258872
0.0259
0.0259912
0.0259013
0.0258761
0.0258278
0.0259373
0.0259158
0.025995
0.0259378
0.025903
0.0259148
0.025853
0.0258362
0.0258045
0.0257101
0.0257687
0.0258016
0.0256701
0.0255298
0.0254856
0.0255136
0.0255844
0.0256255
0.0255607
0.0256161
0.0256033
0.0255645
0.0255846
0.0254245
0.0254702
0.0253905
0.0254267
0.0253629
0.0254911
0.0255682
0.0256646
0.0256536
0.0257014
0.0258115
0.0258552
0.0258767
0.0257066
0.0257321
0.0258401
0.0257025
0.0256815
0.0254532
0.0256676
0.0257565
0.0257167
0.0258168
0.0258238
0.0258397
0.026008
0.0258376
0.0258015
0.0258253
0.0258373
0.0258585
0.0257347
0.0257937
0.0257466
0.0257424
0.0258417
0.0259221
0.0259635
0.0260852
-0.192603
-0.191865
-0.190747
-0.189632
-0.190985
-0.191677
-0.192336
-0.191762
-0.191488
-0.191841
-0.191354
-0.1915
-0.189993
-0.190344
-0.191344
-0.19163
-0.190848
-0.190674
-0.192224
-0.19293
-0.192463
-0.19244
-0.191479
-0.190614
-0.190742
-0.192675
-0.192137
-0.19217
-0.189832
-0.189847
-0.191458
-0.192535
-0.191787
-0.191603
-0.190929
-0.190468
-0.190121
-0.191028
-0.192208
-0.191713
-0.191861
-0.190848
-0.191456
-0.190693
0.0261416
-0.190822
0.0260281
0.0260802
0.02604
0.0260399
0.0259447
0.0260232
0.0259592
0.0258965
0.0258657
0.0258966
0.0258504
0.0248164
0.0245509
0.0242995
0.0249836
0.0259803
0.0251236
0.0241222
0.0245321
0.0242685
0.0258959
0.0260204
0.0251603
0.0252805
0.0243801
0.0258469
0.0259081
0.0234013
0.0200693
0.022131
0.0210484
0.0251372
0.0243892
0.0257847
0.0249349
0.0195288
0.0196651
0.0258079
0.0257678
0.0258288
0.024961
0.0251845
0.0245189
0.0202364
0.0227461
0.0215649
0.0258769
0.0260056
0.0248279
0.0258301
0.0258382
0.0242977
0.0127494
0.0219185
0.0192478
0.00970652
0.0159556
0.0249628
0.0259146
0.0259076
0.0252232
0.0245818
0.0106583
0.0247849
0.0259114
0.026027
0.025336
0.011793
0.0143861
0.0174845
0.0225672
0.0203827
0.0100291
0.0246671
0.0259151
0.026016
0.0259544
0.0247456
0.0228728
0.0200402
0.0154302
0.00994999
-0.00921596
-0.00708643
0.0252652
0.0259007
0.0250654
0.0236704
0.0214193
0.0163252
0.00369151
-0.00246003
-0.0422241
0.00905432
0.0259073
0.0246079
0.0132643
0.0219285
0.0182994
-0.00854937
-0.00497106
-0.0427464
-0.100955
0.0231114
0.0196291
0.0220681
0.0136171
0.00730006
0.000688567
-0.0402887
-0.0996397
-0.0295482
0.0246159
0.0257772
0.0259036
0.0258722
0.0248068
0.022725
0.0194763
-0.0354039
-0.0223838
-0.0975814
0.0121225
0.0258459
0.0248358
0.0258827
0.0258757
0.0251431
0.025711
0.0169218
0.0211909
0.00509463
-0.0162837
-0.00513947
-0.0903149
-0.0514283
0.0144234
0.0258466
0.0256581
0.0255892
0.0208426
0.0207791
0.0086789
-0.0164081
-0.0430033
-0.104072
0.0127403
0.0251879
0.0238826
0.0232593
0.0176979
0.0224661
0.0165496
-0.0575534
-0.0110864
-0.00108459
-0.0520518
-0.10578
0.0247526
0.0258953
0.0250126
0.025769
0.0257775
0.0247476
0.0245909
0.0234753
0.012154
0.0259663
0.0253396
0.0258081
0.0225712
0.0163065
0.00804027
0.00111887
-0.0125015
-0.0410567
-0.103126
0.0247654
0.0233892
0.017082
0.0184186
0.0201487
0.00535615
-0.00635848
-0.0493014
-0.0279675
-0.101557
0.0257807
0.0258133
0.0221214
0.021198
0.0128251
0.0169704
-0.0071713
0.00321287
-0.045787
-0.103079
-0.00906109
-0.00206007
-0.0431868
-0.100201
0.0145554
0.0248115
0.0258951
0.0260338
0.0259441
0.0248823
0.0237037
0.0219854
0.00958918
0.00495506
0.00412024
-0.0136631
-0.0897478
-0.0423103
0.0249871
0.0246486
0.0237704
0.0196934
0.0218621
-0.0202345
-0.00468894
-0.104439
-0.0564934
-0.0320645
0.0257472
0.0257277
0.0243576
0.0257032
0.0255646
0.0250703
0.024349
0.0218516
0.0183942
-0.00487252
-0.00177114
-0.0955687
-0.0363943
0.0136793
0.0260696
0.0259267
0.0260903
0.0260139
0.0259415
0.0253911
0.0138545
0.00678446
-0.0151303
-0.0101645
-0.101139
-0.0528761
0.0179792
0.0212301
0.0256597
0.0255579
0.0241058
0.0227726
0.0192461
0.013267
0.00850797
0.0039048
-0.0366144
-0.0978093
0.0238735
0.0238203
0.0247181
0.0236741
0.021911
0.0178156
-0.0135277
-0.0425621
-0.106256
0.00518875
0.0117122
0.0251496
0.0256813
0.0199842
-0.0121895
-0.00336048
-0.0455291
-0.0998401
0.0258828
0.0248769
0.0249755
0.0256263
0.0256364
0.0254437
0.0249615
0.0240788
0.0245189
0.0214812
0.0159985
0.0202396
-0.0155782
-0.0125307
-0.00355592
-0.0998143
-0.0469054
0.0258652
0.013415
0.0225691
0.0175286
0.0219479
0.00457163
-0.0129028
-0.0377529
-0.101935
0.00825379
0.0129344
0.00550819
-0.0142892
-0.0407403
-0.102304
0.0194202
0.010629
0.0243592
0.0257318
0.0254883
0.0247849
0.0254717
0.0191832
0.0196427
0.00761382
-0.00816238
-0.100804
-0.0462436
0.0254856
0.0242514
0.0244385
0.0217709
0.0250124
0.0220453
0.0233767
0.0224486
0.0157183
-0.00931092
-0.0411239
-0.0998779
-0.0145761
-0.0394948
0.0254672
0.0234733
0.0220663
0.0205195
0.00941711
0.000558712
-0.0125119
-0.0445652
-0.102553
0.00971063
0.0114086
0.0248355
0.0257435
0.025235
0.0258216
0.0248723
0.0257464
0.0146617
0.00495357
-0.00832596
-0.090974
-0.0435654
0.0144894
0.0244089
0.0254515
0.0254789
0.0248052
0.0234747
0.0174354
0.0196463
0.00113043
-0.0159843
-0.0441358
-0.0993315
0.0156568
0.0222987
0.0201022
0.0171604
0.0140948
-0.00570417
-0.0355549
-0.00802417
-0.100802
0.0254369
0.0256757
0.0255945
0.0256275
0.0256751
0.0254916
0.0254268
0.0255884
0.0256501
0.024795
0.0247509
0.0246851
0.0238734
0.0216327
-0.0456956
-0.0136452
-0.00138865
-0.0917674
-0.0444263
0.0225179
-0.0401461
-0.00913728
-0.0999407
-0.034598
0.0196313
0.0093276
0.0150582
0.0244024
0.0239162
-0.0077852
-0.00284194
-0.0983455
-0.0413655
0.0207753
0.015928
0.00830206
0.013193
0.0212228
0.0176665
0.00858798
0.000996766
0.00429417
-0.0316834
-0.0989307
0.0248697
0.0237121
0.0190926
0.00387022
-0.015876
-0.101709
-0.0387398
0.011788
0.0220941
0.0116218
0.0179409
0.0248888
0.0234166
-0.0263533
-0.0211155
-0.0914558
-0.0574435
0.0225671
0.0224359
0.0199612
0.0137916
-0.0113549
0.00400055
-0.00460896
-0.106554
-0.0526498
-0.00165269
-0.0147053
-0.0461713
-0.101403
0.0228887
0.0224538
0.0182484
0.0174314
0.0163844
0.0167359
0.0161304
0.00499819
-0.0158505
-0.0434191
-0.103021
0.000495128
-0.0534384
-0.103033
-0.0328736
-0.0153819
0.00947509
0.00766418
-0.093557
-0.00736955
-0.051733
-0.030084
-0.00705767
-0.0157631
-0.0981945
-0.0432383
0.00467369
-0.0137773
-0.0987488
-0.0441849
-0.00541179
0.00636076
-0.0941975
-0.0435229
-0.0261087
0.00342579
0.0044873
-0.0129869
-0.0991983
-0.103016
-0.0511926
-0.010241
-0.0179969
-0.0514626
-0.0165608
-0.105231
-0.1089
-0.0459836
-0.0524238
-0.105121
