-0.000970363
-0.00123808
-0.00378261
-0.00146617
0.00147327
-0.00134293
-0.00210707
-0.000841747
-0.00163568
-0.0012804
-0.000563493
-0.00473161
-0.0025636
-0.00260517
0.00036359
-0.000113978
0.00214591
-0.000157373
0.000165787
-0.00217901
0.000669384
-0.00183487
-2.11957e-05
-0.00145394
-0.00122625
-0.00583738
-0.00219145
-0.00225031
0.000169069
-0.00184662
-0.00162702
0.000533655
-0.000484248
-0.000901178
-0.0014165
-0.000410279
-0.00249101
-0.000769222
-0.00253538
-0.00217784
-0.00537596
-0.00361591
-0.00273439
-0.000588791
-0.00126325
-2.74473e-05
0.000127861
-0.000480417
0.000694234
-0.00257236
-0.0012808
-0.00303407
-0.000978548
-0.00221594
-0.00249328
-0.00172422
0.00116516
0.00177018
-0.00339817
-0.00155484
-0.00118907
-0.00103599
-0.00162999
-0.00182793
0.00174928
-0.00107888
0.000463533
-0.00361766
-0.00119443
-0.00153855
-0.00249839
-0.00148415
2.88266e-05
0.000801621
-0.00131836
-0.00116172
-0.00234714
-0.000409365
-0.000439333
0.000484921
-0.000408852
-0.00278931
-0.00140205
-0.00412846
-0.00162012
-1.70872e-05
0.000324057
-0.0029557
1.92869
1.9158
1.90405
1.89092
1.89764
1.9056
1.91798
1.92043
1.898
1.91502
1.90727
1.90683
1.90712
1.89112
1.92435
1.90525
1.9047
1.90178
1.90445
1.91895
1.92172
1.92715
1.91349
1.90005
1.88741
1.91449
1.92108
1.91915
1.87835
1.87907
1.89904
1.93257
1.91296
1.91883
1.89935
1.89451
1.90049
1.91275
1.9201
1.91996
1.93095
1.8959
1.90716
1.89987
-0.00215965
1.90476
0.148016
0.189988
0.221905
0.235755
0.193329
0.199038
0.151504
0.082955
0.135063
0.150063
0.131862
-0.0128342
-0.00853522
-0.000344035
0.0739709
0.131947
0.00921001
-0.0772855
-0.0294598
-0.051014
0.167791
0.109033
0.0941313
0.0456863
-0.1106
0.172942
0.0567871
-0.316532
-0.585685
-0.484177
-0.489216
0.0607028
-0.114911
0.161562
0.11325
-0.596384
-0.678995
0.164132
0.105568
0.157722
0.0990746
0.0784545
-0.0126999
-0.644798
-0.364961
-0.514021
0.184605
0.194147
0.0438104
0.132426
0.174595
-0.0499065
-1.16033
-0.406858
-0.74104
-1.53876
-0.959564
0.0767677
0.0771671
0.253608
0.109617
-0.0461015
-1.32902
-0.0137342
0.199731
0.153687
0.206662
-1.52916
-1.15322
-0.945152
-0.258842
-0.659663
-1.50066
0.00121464
0.180018
0.162444
0.199373
0.0740218
-0.456388
-0.710194
-1.00249
-1.32373
-2.30721
-2.44812
0.0754195
0.148052
0.0377621
-0.144969
-0.511855
-0.989116
-1.87232
-2.76125
-13.5168
-1.6207
0.20518
-0.0159656
-1.32483
-0.417763
-0.686915
-2.66673
-2.58352
-12.7169
23.1972
-0.35037
-0.654571
-0.416703
-1.04699
-1.72126
-2.19631
-12.3764
18.8533
-3.71271
-0.00723446
0.16051
0.184519
0.141647
-0.00976591
-0.373272
-0.756409
-5.29068
0.728118
17.0746
-1.18605
0.0982354
-0.0262892
0.114835
0.175161
0.253406
0.249607
-0.937623
-0.396296
-1.8862
0.959232
-2.1167
13.0333
-14.9882
-1.25183
0.0939022
0.179382
0.0446289
-0.641094
-0.507597
-1.53588
0.12579
-13.0543
27.3234
-1.2523
-0.0534936
-0.200809
-0.366459
-0.93015
-0.353435
-1.12281
-15.2785
-2.85041
-2.15884
-15.1133
28.6409
0.0518089
0.195974
-0.0353739
0.0794079
0.134367
0.00995486
0.0537703
-0.205755
-1.28418
0.116039
0.127269
0.102963
-0.376882
-1.01182
-1.60689
-1.99628
-2.74975
-10.7599
17.1869
-0.0344967
-0.298499
-0.992696
-0.853801
-0.582264
-1.94356
-2.89674
-15.1289
-4.4962
25.3443
0.206632
0.172888
-0.427061
-0.501824
-1.27933
-1.00805
-2.71428
-2.05374
-14.3093
20.5086
-2.28018
-2.72852
-14.6915
18.7896
-1.03653
0.107691
0.192195
0.11078
0.240021
0.0930727
-0.183092
-0.462209
-1.46396
-2.18594
-2.20416
0.0350956
15.7528
-13.3323
0.161558
0.12721
-0.220519
-0.743652
-0.352501
0.653045
-2.50522
27.2587
-15.3801
-5.42912
0.214596
0.234251
0.00689905
0.211738
0.227619
-0.0277937
-0.0045484
-0.271104
-0.844757
-2.37131
-2.34946
16.4865
-12.751
-1.07991
0.106148
0.236153
0.150071
0.142235
0.111768
0.147705
-1.25044
-1.65977
0.327978
-2.75285
26.1047
-16.8704
-0.808192
-0.500023
0.126043
0.0815618
-0.0138616
-0.30743
-0.777725
-1.13809
-1.46951
-2.17215
-11.2242
14.5136
-0.0409759
-0.0550977
-0.0444071
-0.188119
-0.320808
-0.801657
-3.00816
-13.5911
25.5074
-1.81886
-1.1394
0.104838
0.135643
-0.743109
-2.81921
-2.06402
-14.2549
19.0726
0.124173
-0.0175056
0.0794006
0.142318
0.201288
0.18439
0.183422
-0.0330052
-0.0727509
-0.507659
-1.02141
-0.63104
2.18068
0.134578
-2.54068
19.4231
-15.0136
0.124865
-1.2426
-0.457829
-0.887077
-0.421662
-1.82093
-2.45571
-13.8441
22.4819
-1.56429
-1.28932
-1.53087
-3.00008
-12.8491
22.9843
-0.571018
-1.22312
-0.0478358
0.108181
0.06548
0.0845835
0.141122
-0.792073
-0.641527
-1.71185
-2.34669
18.852
-12.8764
0.149197
-0.0136682
-0.0289718
-0.544757
-0.0737475
-0.399112
-0.229564
-0.435731
-0.986872
-2.49414
-12.1021
18.195
-2.79404
-7.12454
0.105176
-0.133871
-0.53559
-0.47478
-1.51888
-1.88498
-2.48802
-13.4464
22.6943
-1.56844
-1.33815
0.0551697
0.200752
0.146375
0.179569
0.0232221
0.0874296
-1.08613
-2.15748
-2.41734
14.5299
-13.278
-0.915524
0.0176238
0.146754
0.108713
0.010691
-0.265518
-0.924369
-0.62583
-2.30021
-2.9509
-11.55
21.3804
-1.18345
-0.326556
-0.619625
-0.808043
-1.10529
-2.40261
-10.7145
-3.03265
18.4829
0.167704
0.0260829
0.172599
0.138005
0.149869
0.233157
0.112895
0.114564
0.157168
0.0529797
0.0272433
-0.00584597
-0.21453
-0.416483
-10.3119
-2.86802
-2.28888
15.4622
-13.1171
-0.395576
-12.3042
-0.593633
21.1742
-7.87078
-0.664602
-1.34489
-1.03401
0.00561785
-0.0535381
-2.15679
-2.52708
18.3592
-13.1565
-0.538545
-0.993123
-1.42172
-1.35143
-0.455593
-0.932828
-1.37427
-2.41381
-1.71243
-11.4922
21.9637
-0.0190442
-0.129137
-0.678986
-2.08276
1.48098
15.7935
-10.522
-1.32399
-0.345568
-1.25558
-0.919919
0.127817
-0.210119
-4.33426
1.15182
12.0872
-14.7872
-0.376955
-0.307077
-0.66321
-1.07339
-2.84097
-1.85898
-2.50126
31.1831
-15.3175
-2.20064
-2.95077
-14.1369
17.8339
-0.372141
-0.413953
-0.906715
-0.896888
-1.07375
-0.837202
-0.878495
-1.91384
-2.96387
-14.5492
20.8188
-2.28973
-13.1043
23.9636
-6.76162
-0.307106
-1.62968
-1.46451
15.6749
-2.55078
-16.3216
-4.9341
-2.45825
-3.03905
21.183
-14.1275
-1.78454
0.0755842
22.3292
-13.4456
-2.84934
-1.81512
18.3993
-13.1488
1.59643
-1.82386
-2.0922
-2.85193
19.8271
21.3095
-15.5052
-2.74008
0.168918
-13.0294
0.0922055
25.2553
27.0963
-15.5155
-16.0062
22.5968
