0
0
0
0
0
0
0
0
0
0
0
0
0
0
0
0
0
0
0
0
0
0
0
0
0
0
0
0
0
0
0
0
0
0
0
0
0
0
0
0
0
0
0
0
0
0
0
0
0
0
0
0
0
0
0
0
0
0
0
0
0
0
0
0
0
0
0
0
0
0
0
0
0
0
0
0
0
0
0
0
0
0
0
0
0
0
0
0
0.139173
0.275637
0.406737
0.529919
0.642788
0.743145
0.829038
0.898794
0.951057
0.984808
0.999391
0.994522
0.970296
0.927184
0.866025
0.788011
0.694658
0.587785
0.469472
0.34202
0.207912
0.0697565
-0.0697565
-0.207912
-0.34202
-0.469472
-0.587785
-0.694658
-0.788011
-0.866025
-0.927184
-0.970296
-0.994522
-0.999391
-0.984808
-0.951057
-0.898794
-0.829038
-0.743145
-0.642788
-0.529919
-0.406737
-0.275637
-0.139173
0
-0
0.0245746
0.0181475
0.0152533
0.00928054
0.00358973
-0.00310517
-0.00971732
-0.0157115
-0.0253279
-0.0191998
-0.0296482
-0.0370818
-0.0272374
-0.0142028
0.0406603
0.0300752
0.0529022
0.00130835
0.0302324
0.016034
0.0406591
0.0342419
0.0784818
0.0587881
0.0844308
0.0516734
0.0524858
0.0834438
0.0390601
0.0760329
0.0600216
0.0927336
0.105483
-0.0376603
-0.0641339
0.0146617
-0.0110005
-0.0396053
-0.0480615
-0.0487578
-0.0831399
-0.0408965
-0.061084
-0.0343654
-0.0640584
-0.0518845
0.058217
0.0501091
0.110251
-0.0529473
-0.0589479
-0.087505
-0.067096
-0.103565
-0.101516
0.00111267
-0.0891661
-0.10926
-0.0654892
-0.0711835
-0.0916837
-0.10405
-0.0358728
-0.126005
0.0678387
0.0477265
0.114405
0.0738187
0.10075
0.11767
0.121008
0.123722
0.0393026
-0.14002
0.0703186
0.0545735
0.0685713
0.123303
0.144678
0.163833
0.175347
0.172715
0.0271027
0.0795222
0.131548
0.0771101
0.146961
0.16425
0.180555
0.214462
0.155285
0.123407
0.0760956
0.235133
-0.0727424
-0.150714
-0.151494
-0.135856
-0.149438
-0.0272726
-0.0768095
-0.00211497
0.0509405
-0.147411
-0.177508
-0.178478
-0.201546
-0.13938
-0.11492
-0.0775314
-0.0567235
-0.13775
-0.156567
0.0948264
0.0739438
0.0822278
0.145015
0.196044
0.220693
0.141046
0.188905
0.167451
0.26696
-0.0768335
-0.152356
-0.0699991
-0.056928
-0.135186
-0.0860969
-0.221948
-0.205974
-0.211269
-0.178665
-0.203472
-0.170524
-0.209538
-0.264494
-0.0677862
-0.0835472
-0.100197
-0.227022
-0.240118
-0.255452
-0.267768
-0.270813
-0.291304
-0.299918
0.144346
0.196793
0.210748
0.257516
0.211433
0.285869
0.204724
0.227013
0.243572
0.276
0.287418
0.166315
0.0773464
0.158138
-0.0847733
-0.082148
-0.165168
-0.168602
-0.204926
-0.325198
0.0778081
0.139964
0.100505
0.218817
0.302691
0.31768
0.300299
0.314185
0.34149
0.388911
0.171565
0.218662
0.307449
0.299394
0.279561
0.359244
0.367057
0.416334
0.40716
0.480292
-0.0744797
-0.0601721
-0.232541
-0.243287
-0.336727
-0.317618
-0.290284
-0.312559
-0.354295
-0.39352
-0.338028
-0.369567
-0.424903
-0.484932
-0.333613
0.16409
0.0797676
0.0646935
0.0812439
0.161571
0.208483
0.250561
0.394692
0.40411
0.388861
0.433372
0.546521
0.496234
-0.146929
-0.164149
-0.202869
-0.287582
-0.250302
-0.409222
-0.412297
-0.577727
-0.518958
-0.488246
-0.0780282
-0.0804783
-0.171582
-0.0767846
-0.087318
-0.147675
-0.181839
-0.25196
-0.31214
-0.441105
-0.445919
-0.644598
-0.544163
-0.365472
0.0535803
0.077483
0.0564429
0.067312
0.0665704
0.129529
0.362881
0.406388
0.473611
0.476254
0.652145
0.579157
0.318186
0.267449
-0.0710976
-0.0733042
-0.173472
-0.229195
-0.298484
-0.372194
-0.406109
-0.428316
-0.58485
-0.714071
-0.173109
-0.167443
0.15914
0.201881
0.250667
0.320532
0.51172
0.598704
0.727356
0.439475
0.387447
0.136456
0.0764728
0.282888
0.524864
0.488435
0.642207
0.764409
0.0635533
0.140552
0.126655
-0.0554653
-0.0390039
-0.0591101
-0.0991746
-0.15101
-0.128208
-0.25294
-0.336626
-0.267488
-0.525581
-0.52954
-0.493068
-0.768952
-0.650757
0.051411
0.367298
0.223221
0.307892
0.227022
0.443953
0.543159
0.638583
0.804106
0.404733
-0.361599
-0.438106
-0.55298
-0.651652
-0.807626
-0.268976
-0.37044
-0.104837
0.0534963
-0.0473162
-0.0832681
-0.0430242
-0.260874
-0.241661
-0.419735
-0.52245
-0.823757
-0.678802
-0.0373839
-0.0867746
0.114266
0.220133
0.118895
0.202031
0.15183
0.182497
0.317036
0.528133
0.659177
0.820154
0.552275
0.654402
-0.0351329
-0.136221
-0.176873
-0.21423
-0.36462
-0.461469
-0.538994
-0.669614
-0.831036
-0.344129
-0.310773
-0.0640551
0.0427616
0.0692592
0.0343974
0.0727945
0.0365635
0.31327
0.41522
0.515233
0.803576
0.664346
0.296741
-0.064641
-0.0312888
-0.0259805
0.0912343
0.109572
0.230279
0.189126
0.421054
0.53637
0.654013
0.812116
0.267304
-0.131771
-0.174102
-0.221839
-0.268308
-0.486259
-0.625069
-0.479906
-0.814914
0.0374972
0.0215715
-0.00556057
0.000265517
0.00927266
0.0196848
-0.0220973
-0.0120248
0.00602183
-0.0156554
0.00890777
-0.00384818
0.0790166
0.149412
0.645296
0.507323
0.411314
0.768164
0.623998
-0.100254
-0.617113
-0.460682
-0.784306
-0.57142
-0.14244
-0.254565
-0.195771
0.0457975
-0.0588124
-0.425516
-0.373896
-0.737379
-0.559046
-0.0975959
-0.143684
-0.202878
0.220594
0.120853
0.167922
0.272886
0.372197
0.324969
0.551585
0.741849
-0.0247598
-0.0447898
-0.0836976
-0.312323
-0.40008
-0.685105
-0.501517
-0.131751
0.078746
0.175894
0.122465
0.0195948
0.0387732
0.495993
0.442216
0.668901
0.55736
-0.0334268
-0.0150164
0.0692182
0.11202
0.361419
0.235657
0.300304
0.626145
0.491128
-0.271806
-0.356397
-0.469785
-0.611656
0.0232406
0.00482814
0.0491615
-0.0636509
-0.0369735
0.0230517
-0.00681859
0.167833
0.296163
0.395289
0.537868
-0.193554
-0.433133
-0.539677
-0.351112
-0.270353
0.0896662
-0.107368
-0.437766
-0.166671
-0.328579
-0.246725
0.235982
0.216044
0.43887
0.310364
-0.0724628
-0.124746
-0.331435
-0.202891
0.149897
0.0541947
0.321752
0.220296
0.158096
-0.0305248
0.0133048
0.102874
0.23006
-0.219672
0.149397
0.0440797
-0.0709046
-0.133098
-0.00611233
0.119711
-0.113954
0.0538122
-0.0443779
0.0026701
