0
0
0
0
0
0
0
0
0
0
0
0
0
0
0
0
0
0
0
0
0
0
0
0
0
0
0
0
0
0
0
0
0
0
0
0
0
0
0
0
0
0
0
0
0
0
0
0
0
0
0
0
0
0
0
0
0
0
0
0
0
0
0
0
0
0
0
0
0
0
0
0
0
0
0
0
0
0
0
0
0
0
0
0
0
0
0
0
0.990268
0.961262
0.913545
0.848048
0.766044
0.669131
0.559193
0.438371
0.309017
0.173648
0.0348995
-0.104528
-0.241922
-0.374607
-0.5
-0.615661
-0.71934
-0.809017
-0.882948
-0.939693
-0.978148
-0.997564
-0.997564
-0.978148
-0.939693
-0.882948
-0.809017
-0.71934
-0.615661
-0.5
-0.374607
-0.241922
-0.104528
0.0348995
0.173648
0.309017
0.438371
0.559193
0.669131
0.766044
0.848048
0.913545
0.961262
0.990268
0
1
0.0770863
0.0719941
0.0835745
0.0868403
0.0990297
0.0885364
0.089384
0.0863898
0.077544
0.0762348
0.0728042
0.163766
0.178651
0.190058
0.160462
0.0746735
0.150828
0.198055
0.181822
0.193003
0.0810431
0.0578411
0.13067
0.136435
0.168853
0.0756123
0.0650398
0.204843
0.28772
0.241072
0.26687
0.121512
0.15522
0.0764278
0.142979
0.297913
0.295902
0.0678029
0.0702109
0.0613823
0.13045
0.141079
0.167095
0.284374
0.225369
0.256284
0.0628819
0.0473275
0.125611
0.0578725
0.0560578
0.161991
0.372067
0.230247
0.282918
0.407162
0.331385
0.112798
0.0540094
0.0504609
0.107407
0.139893
0.396726
0.111803
0.0556523
0.0338024
0.080687
0.382633
0.349057
0.304812
0.207024
0.255447
0.402713
0.106435
0.0429133
0.0282623
0.03019
0.118171
0.18334
0.239
0.303434
0.365141
0.528149
0.511854
0.0680597
0.0274534
0.0605935
0.131655
0.19379
0.264332
0.425034
0.477279
0.660992
0.338833
0.0442724
0.0968247
0.340994
0.211912
0.275278
0.524877
0.499794
0.667367
0.8262
0.169096
0.233924
0.175098
0.308746
0.401703
0.456945
0.653499
0.824252
0.602235
0.0839721
0.0254223
0.0144994
0.0107945
0.0890602
0.132984
0.200714
0.625633
0.560167
0.802485
0.276748
0.0387284
0.0667555
0.0291705
0.0198604
0.0473176
0.0234444
0.246531
0.171239
0.387475
0.533693
0.462901
0.785133
0.663516
0.245928
0.0135947
0.0113887
0.00554589
0.158074
0.138135
0.325238
0.496021
0.609914
0.782652
0.231469
0.0470897
0.0538597
0.0764548
0.196379
0.119916
0.180296
0.685087
0.48893
0.417443
0.641384
0.788449
0.0314786
0.00446235
0.0156107
-0.00211602
-0.00802087
-0.000777639
0.0324099
0.0575783
0.205666
-0.00107282
0.00408728
-0.00916072
0.100658
0.154672
0.274536
0.360981
0.446225
0.566335
0.737841
-0.00491885
0.00958891
0.123336
0.0905312
0.0591904
0.255028
0.360634
0.549777
0.458803
0.678205
-0.0124763
-0.0138295
0.0855772
0.113363
0.171773
0.0952024
0.429645
0.329722
0.577502
0.734449
0.403618
0.320986
0.51571
0.669139
0.133211
-0.0248789
-0.0136057
-0.0154406
-0.0252675
-0.0370315
-0.0192866
0.0317218
0.0930093
0.181272
0.222537
0.340171
0.587247
0.443127
-0.0327667
0.018748
0.0110366
0.0605862
0.0317107
0.411194
0.290441
0.604192
0.485453
0.39486
-0.0233808
-0.0306793
-0.0533171
-0.0364089
-0.0490961
-0.0211187
-0.014435
-0.00468346
0.0173865
0.24612
0.19539
0.499204
0.344584
0.0500811
-0.0209197
-0.0367225
-0.0318443
-0.0438732
-0.050565
-0.0502995
0.0520009
0.136891
0.293756
0.238262
0.509922
0.392711
0.0185021
-0.00557751
-0.046824
-0.0564242
-0.0704829
-0.037368
-0.0291344
-0.00915629
0.0922322
0.140171
0.270901
0.406237
-0.0871727
-0.100841
-0.0746075
-0.0649118
-0.042646
-0.0310379
0.199989
0.289841
0.419076
0.0307481
-0.00698613
-0.0771536
-0.078264
-0.071634
0.138611
0.0794072
0.208842
0.309762
-0.0562842
-0.0965708
-0.102465
-0.0498672
-0.0394963
-0.0680263
-0.0985569
-0.10878
-0.109323
-0.0628202
-0.0615991
-0.0910391
0.191177
0.133718
0.0741816
0.303051
0.20172
-0.0610259
-0.0665143
-0.0920813
-0.106886
-0.116834
-0.0437448
0.0506524
0.116583
0.205453
-0.110612
-0.0999851
0.0255963
0.039268
0.105808
0.197758
-0.11879
-0.14029
-0.135024
-0.0725939
-0.0639326
-0.1218
-0.0677658
-0.143291
-0.161378
-0.0469048
-0.0162722
0.0838366
0.0201357
-0.0692498
-0.150449
-0.139971
-0.138106
-0.10958
-0.152067
-0.156561
-0.161682
-0.142881
-0.00471424
0.0391903
0.0912228
-0.0490664
-0.0205217
-0.0777793
-0.152509
-0.168544
-0.171428
-0.179225
-0.0948878
-0.0716624
-0.0628436
-0.0314125
-0.211748
-0.233392
-0.129503
-0.0677848
-0.11763
-0.0638509
-0.141725
-0.0807141
-0.177064
-0.158704
-0.0944106
-0.0226531
-0.0798032
-0.20571
-0.154761
-0.084542
-0.0901243
-0.134372
-0.182162
-0.2302
-0.22432
-0.209391
-0.169162
-0.151639
-0.144024
-0.223779
-0.195362
-0.221016
-0.238309
-0.242355
-0.150229
-0.141717
-0.204538
-0.142839
-0.105357
-0.0769342
-0.0810174
-0.080314
-0.067536
-0.096675
-0.10365
-0.084322
-0.0778017
-0.155286
-0.159468
-0.16264
-0.183659
-0.210148
-0.204654
-0.21578
-0.258217
-0.246631
-0.252546
-0.208071
-0.223971
-0.255622
-0.258934
-0.279843
-0.250599
-0.31653
-0.290177
-0.169036
-0.179334
-0.298075
-0.320189
-0.363554
-0.354188
-0.250699
-0.307869
-0.360619
-0.301242
-0.236589
-0.274787
-0.311631
-0.288417
-0.307231
-0.297621
-0.35991
-0.150755
-0.193518
-0.28537
-0.322283
-0.391839
-0.468395
-0.416682
-0.360639
-0.231563
-0.345581
-0.293918
-0.148251
-0.206932
-0.349855
-0.382992
-0.448943
-0.446173
-0.231036
-0.236024
-0.277822
-0.348507
-0.40058
-0.38167
-0.404096
-0.560904
-0.498011
-0.400263
-0.42503
-0.48951
-0.559154
-0.224924
-0.23672
-0.309008
-0.315443
-0.333792
-0.330397
-0.33852
-0.409136
-0.476285
-0.539797
-0.636678
-0.428956
-0.549547
-0.632061
-0.522705
-0.486545
-0.397152
-0.40481
-0.680671
-0.489186
-0.613438
-0.568103
-0.460001
-0.517377
-0.694921
-0.592115
-0.436156
-0.534491
-0.752149
-0.638979
-0.485518
-0.427224
-0.743992
-0.631457
-0.5833
-0.450549
-0.444462
-0.536587
-0.790001
-0.803173
-0.677096
-0.530684
-0.565655
-0.681471
-0.564038
-0.828234
-0.83785
-0.674986
-0.697355
-0.837094
