0.5
1
0.499718
0.498871
0.497462
0.495491
0.492961
0.489874
0.486234
0.482045
0.477312
0.472041
0.466236
0.459905
0.453055
0.445694
0.437829
0.42947
0.420627
0.411308
0.401526
0.39129
0.380612
0.369504
0.35798
0.346051
0.333732
0.321036
0.307978
0.294572
0.280833
0.266778
0.252421
0.237779
0.222869
0.207708
0.192311
0.176698
0.160885
0.144891
0.128733
0.11243
0.0959999
0.0794615
0.0628333
0.0461342
0.029383
0.0125986
-0.00419994
-0.0209938
-0.0377639
-0.0544914
-0.0711574
-0.0877431
-0.10423
-0.120599
-0.136831
-0.15291
-0.168816
-0.184531
-0.200038
-0.215319
-0.230357
-0.245135
-0.259636
-0.273844
-0.287743
-0.301317
-0.314551
-0.32743
-0.33994
-0.352065
-0.363794
-0.375111
-0.386005
-0.396464
-0.406474
-0.416026
-0.425109
-0.433711
-0.441824
-0.449438
-0.456545
-0.463136
-0.469205
-0.474744
-0.479746
-0.484208
-0.488123
-0.491487
-0.494296
-0.496547
-0.498237
-0.499365
-0.499929
-0.499929
-0.499365
-0.498237
-0.496547
-0.494296
-0.491487
-0.488123
-0.484208
-0.479746
-0.474744
-0.469205
-0.463136
-0.456545
-0.449438
-0.441824
-0.433711
-0.425109
-0.416026
-0.406474
-0.396464
-0.386005
-0.375111
-0.363794
-0.352065
-0.33994
-0.32743
-0.314551
-0.301317
-0.287743
-0.273844
-0.259636
-0.245135
-0.230357
-0.215319
-0.200038
-0.184531
-0.168816
-0.15291
-0.136831
-0.120599
-0.10423
-0.0877431
-0.0711574
-0.0544914
-0.0377639
-0.0209938
-0.00419994
0.0125986
0.029383
0.0461342
0.0628333
0.0794615
0.0959999
0.11243
0.128733
0.144891
0.160885
0.176698
0.192311
0.207708
0.222869
0.237779
0.252421
0.266778
0.280833
0.294572
0.307978
0.321036
0.333732
0.346051
0.35798
0.369504
0.380612
0.39129
0.401526
0.411308
0.420627
0.42947
0.437829
0.445694
0.453055
0.459905
0.466236
0.472041
0.477312
0.482045
0.486234
0.489874
0.492961
0.495491
0.497462
0.498871
0.499718
0.999859
0.999436
0.99873
0.997743
0.996474
0.994924
0.993093
0.990982
0.988591
0.985921
0.982973
0.979748
0.976245
0.972468
0.968416
0.96409
0.959493
0.954625
0.949487
0.944081
0.938409
0.932472
0.926272
0.919811
0.913089
0.90611
0.898876
0.891388
0.883648
0.875658
0.867422
0.858941
0.850217
0.841254
0.832053
0.822617
0.812949
0.803051
0.792927
0.782579
0.77201
0.761224
0.750222
0.739009
0.727587
0.71596
0.704131
0.692103
0.679879
0.667464
0.654861
0.642072
0.629103
0.615956
0.602635
0.589144
0.575486
0.561666
0.547688
0.533555
0.519272
0.504842
0.490269
0.475559
0.460713
0.445738
0.430637
0.415415
0.400075
0.384623
0.369062
0.353396
0.337631
0.321771
0.30582
0.289782
0.273663
0.257466
0.241197
0.22486
0.208459
0.192
0.175486
0.158923
0.142315
0.125667
0.108983
0.0922684
0.0755278
0.058766
0.0419876
0.0251973
0.00839988
-0.00839988
-0.0251973
-0.0419876
-0.058766
-0.0755278
-0.0922684
-0.108983
-0.125667
-0.142315
-0.158923
-0.175486
-0.192
-0.208459
-0.22486
-0.241197
-0.257466
-0.273663
-0.289782
-0.30582
-0.321771
-0.337631
-0.353396
-0.369062
-0.384623
-0.400075
-0.415415
-0.430637
-0.445738
-0.460713
-0.475559
-0.490269
-0.504842
-0.519272
-0.533555
-0.547688
-0.561666
-0.575486
-0.589144
-0.602635
-0.615956
-0.629103
-0.642072
-0.654861
-0.667464
-0.679879
-0.692103
-0.704131
-0.71596
-0.727587
-0.739009
-0.750222
-0.761224
-0.77201
-0.782579
-0.792927
-0.803051
-0.812949
-0.822617
-0.832053
-0.841254
-0.850217
-0.858941
-0.867422
-0.875658
-0.883648
-0.891388
-0.898876
-0.90611
-0.913089
-0.919811
-0.926272
-0.932472
-0.938409
-0.944081
-0.949487
-0.954625
-0.959493
-0.96409
-0.968416
-0.972468
-0.976245
-0.979748
-0.982973
-0.985921
-0.988591
-0.990982
-0.993093
-0.994924
-0.996474
-0.997743
-0.99873
-0.999436
-0.999859
-1
-0.999859
-0.999436
-0.99873
-0.997743
-0.996474
-0.994924
-0.993093
-0.990982
-0.988591
-0.985921
-0.982973
-0.979748
-0.976245
-0.972468
-0.968416
-0.96409
-0.959493
-0.954625
-0.949487
-0.944081
-0.938409
-0.932472
-0.926272
-0.919811
-0.913089
-0.90611
-0.898876
-0.891388
-0.883648
-0.875658
-0.867422
-0.858941
-0.850217
-0.841254
-0.832053
-0.822617
-0.812949
-0.803051
-0.792927
-0.782579
-0.77201
-0.761224
-0.750222
-0.739009
-0.727587
-0.71596
-0.704131
-0.692103
-0.679879
-0.667464
-0.654861
-0.642072
-0.629103
-0.615956
-0.602635
-0.589144
-0.575486
-0.561666
-0.547688
-0.533555
-0.519272
-0.504842
-0.490269
-0.475559
-0.460713
-0.445738
-0.430637
-0.415415
-0.400075
-0.384623
-0.369062
-0.353396
-0.337631
-0.321771
-0.30582
-0.289782
-0.273663
-0.257466
-0.241197
-0.22486
-0.208459
-0.192
-0.175486
-0.158923
-0.142315
-0.125667
-0.108983
-0.0922684
-0.0755278
-0.058766
-0.0419876
-0.0251973
-0.00839988
0.00839988
0.0251973
0.0419876
0.058766
0.0755278
0.0922684
0.108983
0.125667
0.142315
0.158923
0.175486
0.192
0.208459
0.22486
0.241197
0.257466
0.273663
0.289782
0.30582
0.321771
0.337631
0.353396
0.369062
0.384623
0.400075
0.415415
0.430637
0.445738
0.460713
0.475559
0.490269
0.504842
0.519272
0.533555
0.547688
0.561666
0.575486
0.589144
0.602635
0.615956
0.629103
0.642072
0.654861
0.667464
0.679879
0.692103
0.704131
0.71596
0.727587
0.739009
0.750222
0.761224
0.77201
0.782579
0.792927
0.803051
0.812949
0.822617
0.832053
0.841254
0.850217
0.858941
0.867422
0.875658
0.883648
0.891388
0.898876
0.90611
0.913089
0.919811
0.926272
0.932472
0.938409
0.944081
0.949487
0.954625
0.959493
0.96409
0.968416
0.972468
0.976245
0.979748
0.982973
0.985921
0.988591
0.990982
0.993093
0.994924
0.996474
0.997743
0.99873
0.999436
0.999859
0.107604
0.448957
-0.115845
0.189327
0.373614
0.498168
0.296473
-0.422493
-0.423286
-0.330332
-0.330158
-0.244345
-0.506991
-0.515938
-0.49599
0.00432155
0.511537
-0.466179
0.190899
-0.228309
-0.465077
0.0732178
0.3254
-0.134001
-0.0133449
0.43849
0.493038
0.510233
0.386209
0.505566
-0.340031
0.916225
-0.943402
-0.733483
-0.726253
0.89679
0.796244
0.461476
-0.10076
-0.532756
0.245907
-0.1489
-0.984239
0.65242
-0.547364
-0.971106
0.0991615
-0.35655
0.985234
0.27572
0.969614
-0.859212
-0.850366
-0.922487
0.675033
0.0666652
0.785718
0.963324
0.416344
0.874605
-0.662173
-0.786179
-0.910794
-0.429882
0.587584
0.93475
-0.246128
0.947091
-0.613223
-0.796329
0.734962
-0.984547
0.547296
-0.966659
-0.0477352
0.852404
0.371139
-0.00030802
-0.95293
-0.447008
-0.261536
0.979546
0.475445
-0.18358
-0.490265
0.267617
0.470103
-0.378587
-0.38031
0.342336
0.982569
0.147581
0.19756
0.73205
-0.890927
-0.180519
-0.977128
-0.662559
0.599775
-0.61488
0.842633
-0.824849
-0.490758
0.417652
0.33547
0.0537933
-0.0646344
0.237027
-0.289434
0.124267
-0.277029
-0.514208
-0.181815
0.517506
-0.505122
-0.0806822
0.461617
0.322525
-0.0491499
-0.938204
-0.214965
-0.310327
-0.403346
-0.765867
0.934024
-0.983711
-0.0995724
-0.985104
0.504871
0.958102
0.768311
-0.957405
0.70104
0.82448
0.000289942
-0.697366
-0.753091
0.624716
-0.888436
0.945599
0.546752
-0.386474
0.915486
-0.824983
0.974337
0.147186
0.985459
-0.963767
0.0502315
0.984016
0.416824
0.197205
-0.491518
-0.573175
-0.294332
0.896094
-0.927489
0.874467
0.294437
0.140519
0.396191
0.488251
0.504955
-0.355163
0.266759
-0.214631
-0.441333
0.0204505
0.502257
0.221553
0.361595
-0.452851
0.417883
-0.480274
-0.499558
0.159121
0.296475
-0.478729
-0.0304926
-0.401015
-0.0474261
-0.303192
-0.513963
-0.35617
-0.148968
0.462995
0.482791
-0.401986
0.453783
-0.213586
-0.972645
0.573494
-0.461591
-0.638401
-0.806334
0.386731
-0.877568
-0.866876
0.975386
0.699891
0.0337148
0.767053
0.245704
0.0997286
-0.910212
0.651488
0.954909
0.677008
0.627427
-0.977719
-0.572946
0.81404
-0.132041
-0.180176
-0.980867
-0.699714
0.805471
-0.841788
-0.518342
0.85886
-0.637853
-0.0991259
-0.110728
-0.0937073
-0.105696
-0.0891829
-0.100946
-0.084526
-0.0960246
-0.0796541
-0.09112
-0.0747493
-0.0862066
-0.0698375
-0.0812938
-0.0649246
-0.0976628
-0.0927497
-0.109119
-0.104206
-0.120575
-0.115662
-0.132031
-0.127118
-0.143487
-0.110749
-0.138574
-0.154943
-0.15003
-0.166399
-0.161486
-0.177855
-0.182768
-0.194224
-0.199137
-0.210593
-0.215506
-0.226963
-0.231876
-0.243332
-0.248245
-0.259701
-0.264614
-0.27607
-0.280983
-0.29244
-0.297353
-0.308809
-0.313722
-0.325178
-0.330091
-0.341547
-0.34646
-0.357916
-0.36283
-0.374286
-0.379199
-0.390655
-0.395568
-0.20568
-0.407024
-0.411937
-0.271157
-0.423394
-0.428307
-0.336634
-0.416851
-0.43322
-0.444676
-0.449589
-0.461045
-0.465958
-0.454502
-0.470872
-0.482328
-0.487241
-0.475784
-0.492154
-0.50361
-0.508523
-0.497066
-0.513436
-0.524892
-0.529806
-0.518349
-0.534719
-0.523263
-0.539632
-0.551088
-0.556001
-0.544545
-0.560914
-0.549458
-0.565828
-0.577284
-0.582197
-0.570741
-0.58711
-0.575654
-0.592023
-0.603479
-0.608392
-0.596936
-0.613305
-0.601849
-0.618219
-0.606762
-0.623132
-0.611676
-0.628045
-0.639501
-0.644414
-0.632958
-0.649327
-0.637871
-0.65424
-0.642784
-0.659153
-0.647697
-0.664066
-0.65261
-0.66898
-0.657523
-0.673893
-0.662436
-0.678806
-0.667349
-0.683719
-0.672263
-0.688632
-0.677176
-0.693545
-0.682089
-0.698458
-0.687002
-0.703371
-0.691915
-0.708284
-0.696828
-0.713197
-0.701741
-0.718111
-0.706654
-0.723024
-0.711568
-0.727937
-0.716481
-0.73285
-0.721394
-0.737763
-0.726306
-0.742676
-0.731219
-0.747589
-0.736133
-0.752502
-0.741046
-0.757415
-0.745959
-0.695175
-0.762329
-0.750872
-0.71974
-0.675523
-0.767242
-0.755786
-0.739393
-0.739416
-0.744329
-0.760699
-0.749243
-0.765612
-0.754156
-0.737786
-0.742699
-0.759069
-0.747612
-0.731243
-0.736156
-0.752526
-0.741069
-0.724699
-0.729613
-0.745982
-0.734526
-0.718157
-0.72307
-0.706701
-0.711614
-0.727983
-0.716527
-0.700158
-0.705071
-0.72144
-0.709984
-0.693614
-0.698528
-0.682158
-0.687072
-0.670702
-0.675616
-0.691985
-0.680529
-0.664159
-0.669072
-0.652702
-0.657615
-0.673985
-0.662529
-0.646159
-0.651073
-0.634702
-0.639617
-0.623246
-0.62816
-0.611791
-0.616705
-0.600335
-0.605248
-0.588879
-0.593792
-0.577423
-0.582336
-0.598705
-0.587249
-0.57088
-0.575793
-0.559424
-0.564337
-0.547968
-0.552881
-0.536511
-0.541424
-0.525055
-0.529968
-0.513599
-0.518512
-0.502143
-0.507056
-0.490686
-0.4956
-0.479229
-0.484143
-0.467773
-0.472687
-0.456316
-0.461231
-0.444861
-0.449775
-0.433405
-0.438319
-0.42195
-0.426863
-0.410493
-0.415406
-0.399037
-0.40395
-0.387581
-0.392494
-0.376125
-0.381038
-0.364669
-0.557794
-0.369582
-0.353212
-0.64453
-0.511969
-0.348299
-0.336843
-0.341756
-0.325387
-0.603618
-0.3303
-0.313931
-0.309018
-0.297562
-0.302474
-0.286105
-0.281192
-0.269737
-0.274649
-0.25828
-0.253367
-0.241911
-0.246824
-0.230454
-0.225541
-0.214085
-0.209172
-0.197716
-0.202629
-0.18626
-0.181347
-0.169891
-0.174804
-0.158434
-0.153522
-0.142065
-0.137152
-0.125696
-0.130609
-0.11424
-0.109327
-0.0978704
-0.0929574
-0.0815012
-0.0864142
-0.070045
-0.065132
-0.0536757
-0.0487628
-0.0373065
-0.0323936
-0.0209373
-0.0160244
-0.00456814
-0.00947967
0.00688863
0.0118012
0.0232574
0.0281699
0.0396265
0.0445391
0.0559956
0.0609086
0.0723649
0.0772778
0.0887341
0.093647
0.105103
0.110016
0.121473
0.126386
0.137843
0.142755
0.154211
0.159124
0.17058
0.175493
0.186949
0.191862
0.203319
0.208231
0.219689
0.224601
0.236057
0.24097
0.252426
0.257339
0.268795
0.273708
0.285164
0.290077
0.301533
0.306446
0.317903
0.322816
0.334272
0.339185
0.350641
0.355554
0.36701
0.371923
0.383379
0.388292
0.165669
0.399749
0.404662
0.247515
0.0838228
0.416118
0.421031
0.0183463
0.409575
0.425944
0.4374
0.442313
0.453769
0.458682
0.447226
0.463595
0.475051
0.479964
0.46851
0.484878
0.496334
0.501247
0.489791
0.50616
0.517616
0.522529
0.511073
0.527442
0.515985
0.532355
0.543811
0.548724
0.537268
0.553637
0.565093
0.570006
0.55855
0.574919
0.563463
0.579832
0.591288
0.596201
0.584745
0.601114
0.589658
0.606027
0.594571
0.61094
0.622396
0.627309
0.615853
0.632222
0.620766
0.637135
0.625679
0.642048
0.630591
0.64696
0.635503
0.651873
0.640416
0.656786
0.64533
0.661699
0.673158
0.678068
0.666612
0.682981
0.671525
0.687894
0.676438
0.692807
0.681351
0.69772
0.686263
0.702633
0.691176
0.707546
0.696089
0.712459
0.701002
0.717372
0.705915
0.722284
0.710828
0.727197
0.71574
0.73211
0.720654
0.737023
0.725567
0.741936
0.73048
0.746849
0.735393
0.751762
0.740305
0.756675
0.745218
0.761588
0.750131
0.7665
0.755044
0.771413
0.759957
0.714091
0.653505
0.743588
0.748501
0.76487
0.753414
0.733743
0.737044
0.741957
0.758327
0.74687
0.763239
0.751783
0.735414
0.740326
0.694439
0.756696
0.745241
0.728869
0.733783
0.750155
0.738697
0.722326
0.72724
0.312992
0.743609
0.732153
0.715783
0.720696
0.704327
0.70924
0.725609
0.714153
0.697784
0.702697
0.686327
0.69124
0.707609
0.696153
0.679784
0.684697
0.668328
0.67324
0.68961
0.678153
0.661784
0.666697
0.650328
0.65524
0.638871
0.643784
0.660153
0.648697
0.632328
0.637241
0.620871
0.625784
0.609415
0.614328
0.597959
0.602872
0.586502
0.591415
0.575046
0.579959
0.56359
0.568503
0.552133
0.557046
0.540677
0.54559
0.529221
0.534134
0.517764
0.522677
0.506308
0.511221
0.494852
0.499765
0.483395
0.488308
0.471939
0.476852
0.460483
0.465396
0.449026
0.453939
0.43757
0.442483
0.426114
0.431027
0.414658
0.41957
0.403201
0.408114
0.391745
0.396657
0.380288
0.385201
0.368832
0.373745
0.357376
0.539046
0.362288
0.345919
0.493221
0.584872
0.350832
0.334463
0.447395
0.630697
0.32955
0.318094
0.323007
0.306637
0.31155
0.295181
0.290268
0.278812
0.283724
0.267355
0.262442
0.250986
0.255899
0.23953
0.234617
0.223161
0.228073
0.211704
0.206791
0.195335
0.190422
0.178966
0.183879
0.167509
0.162597
0.15114
0.146227
0.134771
0.139684
0.123315
0.128227
0.111858
-0.65587
-0.466144
0.753394
-0.759045
-0.0749579
0.129858
0.40157
0.378469
-0.420319
0.116771
0.100402
-0.402111
0.773046
-0.394124
0.723936
-0.778698
0.375375
-0.351374
-0.719762
0.344098
-0.619848
0.105315
0.0889454
0.121684
0.0840326
0.0725761
0.0774889
0.0611197
-0.439945
0.704282
-0.606877
0.593046
-0.700111
-0.595306
0.614221
-0.0274806
0.421201
0.0562069
0.0447505
0.0496633
0.0332941
0.27862
0.679718
-0.531597
-0.631328
-0.485771
-0.285896
0.0494518
0.0382068
0.0218376
0.547221
-0.680459
0.478483
-0.660806
0.131298
0.213143
0.0398377
-0.220419
-0.646066
0.628959
-0.57251
0.66498
0.512852
-0.665789
0.141315
0.124946
0.136402
0.120033
0.131489
0.11512
0.578201
-0.726353
0.633958
0.607657
0.694522
0.638765
-0.678898
0.665066
-0.145117
-0.156573
-0.140203
-0.151659
-0.13529
-0.146746
-0.130377
-0.141833
-0.385951
0.367201
-0.125464
-0.13692
-0.153289
-0.148376
-0.164745
-0.132007
0.0267504
0.0431196
-0.159832
-0.176201
-0.114008
0.0316632
0.0152939
0.0480324
0.126576
0.110207
0.0987509
-0.171288
-0.187658
0.0938382
0.0823818
0.0774691
0.0660128
-0.136944
0.0202067
0.0038374
0.0611
-0.117315
-0.182744
-0.199114
-0.166375
-0.204027
-0.215483
-0.220396
-0.231852
0.121664
0.138033
-0.236766
-0.248222
-0.253135
-0.264591
-0.269504
-0.280961
-0.285874
-0.29733
-0.302243
-0.313699
-0.318612
-0.330069
-0.334982
-0.346438
-0.351351
-0.362807
-0.367721
-0.379177
-0.38409
-0.0534687
0.0496437
0.00875019
-0.00761909
-0.0125319
-0.0239884
-0.395546
-0.400459
0.13312
0.149489
-0.243309
-0.177831
-0.161462
-0.411916
-0.416829
-0.0190756
-0.0354449
-0.292417
-0.0289012
-0.428285
-0.433198
0.0725564
0.0561873
0.144576
0.160945
-0.0485556
-0.341525
-0.444654
-0.449568
-0.172918
-0.15655
-0.0305321
-0.0469014
0.156032
0.172402
0.177314
0.188771
0.183858
0.200227
0.20514
0.216596
0.211683
0.228052
0.232965
0.244421
0.239508
0.255877
0.250965
0.267334
0.272247
0.283703
0.27879
0.295159
0.290246
0.306615
-0.461024
-0.465937
0.301702
0.318072
0.0545565
0.0381874
0.139663
-0.390633
-0.454481
-0.47085
-0.482306
-0.48722
-0.498676
-0.503589
-0.492132
-0.508502
-0.519958
-0.524872
-0.513415
-0.529785
-0.541241
-0.546154
-0.557611
-0.562524
-0.551067
-0.567437
-0.578893
-0.583806
-0.572349
-0.588719
-0.600176
-0.605089
-0.593633
-0.610002
-0.598546
-0.614915
-0.626371
-0.631285
-0.619828
-0.636198
-0.624741
-0.641111
-0.652567
-0.65748
-0.646023
-0.662393
-0.67385
-0.678763
-0.667305
-0.683675
-0.695132
-0.700046
-0.688588
-0.704958
-0.693502
-0.709872
-0.698415
-0.714785
-0.726241
-0.731154
-0.719698
-0.736067
-0.724611
-0.740981
-0.729524
-0.745894
-0.734438
-0.750807
-0.739351
-0.75572
-0.767176
-0.772089
-0.760633
-0.777003
-0.765546
-0.781916
-0.770459
-0.786829
-0.775373
-0.791742
-0.780286
-0.796655
-0.785199
-0.801568
-0.790112
-0.806481
-0.795025
-0.811394
-0.799938
-0.816308
-0.804851
-0.821221
-0.809765
-0.826134
-0.814678
-0.831047
-0.819591
-0.83596
-0.824504
-0.840873
-0.829417
-0.845786
-0.83433
-0.850699
-0.839243
-0.855613
-0.844156
-0.860526
-0.84907
-0.865439
-0.853983
-0.870352
-0.858896
-0.875265
-0.863809
-0.880178
-0.868722
-0.832677
-0.847416
-0.817938
-0.798285
-0.885091
-0.873635
-0.862156
-0.890005
-0.878548
-0.783546
-0.747524
-0.894918
-0.883462
-0.876895
-0.788482
0.288616
-0.258048
-0.768829
-0.323526
-0.389003
-0.813048
-0.8327
-0.852353
-0.0370996
0.313159
0.329528
0.334441
0.345897
0.340984
0.357353
0.35244
0.368809
0.363896
0.380265
0.375353
0.391722
0.386809
0.403178
0.398265
0.414634
0.409721
0.42609
0.421178
0.437547
0.432634
0.449003
0.44409
0.460459
0.455546
0.471915
0.467003
0.483372
0.478459
0.494828
0.489915
0.506284
0.501371
0.51774
0.512827
0.529196
0.524284
0.540653
0.53574
-0.891635
0.0676436
0.0512746
-0.899831
-0.888375
-0.872005
-0.876917
-0.893288
-0.881831
-0.86546
-0.870375
-0.886745
-0.875288
-0.858919
-0.863832
-0.880202
-0.868745
-0.885115
-0.873658
-0.857289
-0.862202
-0.878572
-0.867115
-0.850746
-0.855659
-0.872028
-0.860572
-0.844203
-0.849116
-0.832746
-0.83766
-0.854029
-0.842573
-0.826203
-0.831116
-0.847486
-0.836029
-0.852399
-0.840943
-0.824573
-0.829486
-0.813117
-0.81803
-0.801661
-0.806574
-0.790204
-0.795117
-0.811487
-0.80003
-0.78366
-0.788574
-0.804944
-0.793487
-0.777118
-0.782031
-0.765662
-0.770575
-0.754204
-0.759118
-0.742746
-0.747661
-0.764031
-0.752575
-0.736205
-0.741119
-0.724748
-0.729662
-0.713291
-0.718206
-0.701837
-0.70675
-0.723119
-0.711663
-0.695294
-0.700207
-0.683837
-0.68875
-0.672381
-0.677294
-0.660925
-0.665838
-0.649468
-0.654381
-0.638012
-0.642925
-0.626556
-0.631469
-0.6151
-0.620013
-0.603643
-0.608556
-0.592187
-0.5971
-0.580731
-0.585644
-0.569274
-0.574187
-0.557818
-0.562731
-0.546362
-0.551275
-0.534905
-0.539819
-0.523449
-0.528362
-0.511993
-0.516906
-0.500537
-0.50545
-0.48908
-0.493993
-0.477624
-0.659294
-0.482537
-0.466168
-0.602013
-0.693663
-0.757488
-0.471081
-0.45471
-0.567644
-0.7984
-0.459624
-0.443254
-0.728032
-0.533275
-0.644555
-0.59873
-0.552905
-0.50708
-0.448168
-0.431798
-0.426884
-0.415429
-0.420342
-0.403973
-0.39906
-0.387604
-0.392517
-0.376147
-0.371234
-0.359778
-0.364691
-0.348322
-0.353235
-0.336865
-0.331952
-0.320496
-0.325409
-0.30904
-0.304126
-0.29267
-0.297583
-0.281214
-0.276301
-0.264844
-0.259931
-0.248475
-0.253388
-0.237019
-0.232106
-0.220649
-0.225562
-0.209193
-0.20428
-0.192824
-0.197737
-0.181367
-0.176454
-0.164998
-0.160085
-0.148629
-0.153542
-0.137172
-0.132259
-0.120803
-0.125716
-0.109347
-0.104434
-0.0929772
-0.0880642
-0.0766079
-0.0716949
-0.0602386
-0.0553251
-0.043869
-0.0487822
-0.0324128
-0.0274996
-0.0160435
-0.0111305
0.000325818
0.00523886
0.0166951
0.0216082
0.0330645
0.0281515
0.0445209
0.0494338
0.0608902
0.0658031
0.0772595
0.0821724
0.0936288
0.0985418
0.109998
0.114911
0.126367
0.13128
0.142737
0.14765
0.159106
0.164019
0.175475
0.180388
0.191845
0.196758
0.208214
0.213127
0.224583
0.229496
0.240953
0.245866
0.257322
0.262235
0.273691
0.278604
0.290061
0.294974
0.30643
0.311343
0.322799
0.327712
0.339169
0.344082
0.355538
0.360451
0.371907
0.37682
0.388277
0.39319
0.404646
0.409559
0.23604
0.154193
0.285148
0.105085
0.421015
0.425928
0.334256
0.437385
0.442298
-0.0209564
0.0559774
0.453754
0.458667
0.447211
0.46358
0.475036
0.479949
0.491406
0.496319
0.484862
0.501232
0.512688
0.517601
0.529057
0.53397
0.522513
0.538883
0.55034
0.555253
0.543793
0.560166
0.571622
0.576535
0.565079
0.581448
0.592904
0.597817
0.586361
0.60273
0.591274
0.607643
0.619099
0.624012
0.612555
0.628925
0.640382
0.645295
0.633838
0.650208
0.661664
0.666577
0.65512
0.67149
0.682946
0.687859
0.676403
0.692772
0.681316
0.697685
0.686228
0.702598
0.714054
0.718967
0.707511
0.72388
0.712424
0.728793
0.717336
0.733706
0.722249
0.738618
0.750075
0.754988
0.74353
0.759901
0.748443
0.764813
0.753356
0.769726
0.75827
0.77464
0.786096
0.791009
0.779552
0.795922
0.784465
0.800835
0.789378
0.805747
0.794291
0.81066
0.799204
0.815573
0.804117
0.820486
0.80903
0.825399
0.813943
0.830312
0.818855
0.835225
0.823768
0.840138
0.828681
0.84505
0.833594
0.849963
0.838507
0.854876
0.84342
0.859789
0.848333
0.864702
0.853246
0.869615
0.858158
0.874528
0.863071
0.87944
0.867984
0.884353
0.872897
0.836855
0.889266
0.87781
0.822117
0.851594
0.771357
0.866333
0.894179
0.882723
0.807378
0.899092
0.887636
0.871266
0.876179
0.892549
0.881092
0.897461
0.886005
0.869633
0.874547
0.890918
0.879461
0.86309
0.868005
0.884374
0.872918
0.735336
-0.0978901
0.881071
0.21804
0.136193
0.0707161
0.299887
0.365364
0.846702
0.82705
0.807399
0.856548
0.861461
0.877831
0.866374
0.882743
0.871287
0.854918
0.859831
0.8762
0.864743
0.848374
0.853287
0.869656
0.8582
0.84183
0.846743
0.830374
0.835287
0.851656
0.8402
0.82383
0.828743
0.812374
0.817287
0.833656
0.822199
0.80583
0.810743
0.827112
0.815656
0.799286
0.804199
0.820569
0.809112
0.792743
0.797656
0.781286
0.786199
0.76983
0.774743
0.791112
0.779655
0.763286
0.768199
0.75183
0.756742
0.740373
0.745286
0.728915
0.733829
0.750199
0.738742
0.722372
0.727285
0.710916
0.715829
0.69946
0.704373
0.688003
0.692916
0.676547
0.68146
0.66509
0.670003
0.653634
0.658547
0.642177
0.64709
0.630721
0.635634
0.619264
0.624177
0.607808
0.612721
0.596351
0.601264
0.584895
0.589808
0.573438
0.578351
0.561982
0.566895
0.550525
0.555438
0.539069
0.543982
0.527612
0.532525
0.516156
0.521069
0.504699
0.509612
0.493243
0.498156
0.481786
0.486699
0.47033
0.663459
0.62909
0.475243
0.458873
0.463786
0.447417
0.583264
0.697829
0.548894
0.45233
0.43596
0.732198
0.784568
0.440873
0.424504
0.514525
0.787747
0.488329
0.534156
0.579982
0.625808
0.671634
0.429417
0.413047
0.408134
0.396678
0.401591
0.385222
0.380309
0.368852
0.373765
0.357396
0.352483
0.341026
0.345939
0.32957
0.334483
0.318113
0.313201
0.301744
0.306657
0.290287
0.285375
0.273918
0.278831
0.262462
0.257549
0.246092
0.24118
0.229723
0.234636
0.218266
0.213354
0.201897
0.20681
0.190441
0.383364
0.195353
0.178984
0.825481
-0.0419886
-0.0583579
-0.0256193
-0.0632707
-0.845856
-0.711502
0.552109
0.547196
0.563565
0.558652
0.575022
0.570109
0.55374
0.565196
0.581565
0.576652
0.593021
0.588108
0.571739
0.583196
0.599565
0.594652
0.611021
0.606108
0.589739
0.601195
0.617564
0.612652
0.596282
0.607739
0.624108
0.619195
0.602826
0.614282
0.630651
0.625738
0.609369
0.620825
0.604456
0.615913
0.632282
0.627369
0.611
0.622456
0.638825
0.633912
0.617543
0.628999
0.61263
0.624087
0.607717
0.619174
0.602805
0.614261
0.597892
0.609348
0.592979
0.604435
0.650281
0.63063
0.588066
0.599522
0.583153
0.594609
0.610978
0.606066
0.589697
0.601153
0.584784
0.59624
0.579871
0.591327
0.574958
0.586414
0.570045
0.581501
0.565132
0.576588
0.560219
0.571675
0.555307
0.566763
0.550394
0.56185
0.545481
0.556937
0.540568
0.552024
0.535655
0.547111
0.530742
-0.713155
-0.0747272
-0.168005
-0.184374
-0.151639
0.89581
0.699316
0.480155
0.519286
0.514373
0.525829
0.50946
0.520917
0.504548
0.516004
0.499635
0.511091
0.494722
0.483266
0.478353
0.489809
0.47344
0.484896
0.468527
0.457071
0.452158
0.463615
0.447246
0.435789
0.430876
0.442334
0.425963
0.414507
0.409594
0.421049
0.40468
0.393225
0.388312
0.399767
0.383399
0.371943
0.36703
0.355574
0.350661
0.362117
0.345748
0.334292
0.329379
0.317923
0.31301
0.301554
0.296641
0.357204
0.285185
0.280272
0.291728
0.275359
0.263903
0.25899
0.247534
0.242621
0.231165
0.226252
0.214796
0.209883
0.198427
0.193514
0.182058
0.177145
0.165688
0.160776
0.149319
0.144406
0.13295
0.128037
0.116581
0.111668
0.100212
0.0952994
0.0838432
0.0789303
0.0674742
0.0625613
0.0511052
0.0461922
0.0347361
0.0298232
0.0183671
0.0134541
0.00199801
-0.00291491
-0.014371
-0.019284
-0.0307401
-0.0356532
-0.0471092
-0.0520225
-0.0634783
-0.0585653
-0.0749344
-0.0798473
-0.0913034
-0.0962164
-0.107673
-0.10276
-0.119129
-0.124042
-0.135498
-0.140411
-0.151867
-0.146954
-0.163323
-0.15841
-0.174779
-0.179692
-0.191148
-0.196061
-0.207517
-0.202604
-0.218973
-0.223886
-0.235342
-0.230429
-0.246799
-0.251712
-0.263168
-0.258255
-0.274624
-0.269711
-0.28608
-0.290993
-0.302449
-0.297536
-0.313905
-0.308992
-0.325361
-0.320448
-0.336817
-0.331904
-0.348273
-0.34336
-0.359729
-0.353187
-0.307361
-0.354816
-0.371185
-0.366273
-0.382642
-0.377729
-0.394098
-0.399011
-0.410467
-0.405554
-0.421923
-0.41701
-0.433379
-0.428466
-0.444835
-0.439922
-0.456291
-0.451378
-0.467747
-0.462834
-0.479203
-0.47429
-0.490659
-0.485746
-0.502115
-0.497202
-0.513571
-0.508658
-0.525027
-0.520114
-0.536484
-0.531571
-0.54794
-0.543027
-0.559396
-0.554483
-0.538114
-0.54957
-0.565939
-0.561026
-0.00621736
-0.47271
-0.696921
0.773009
0.7419
-0.577395
-0.572482
-0.556113
-0.567569
-0.583938
-0.579025
-0.562656
-0.574112
-0.590481
-0.585568
-0.601937
-0.597024
-0.613393
-0.60848
-0.592111
-0.603567
-0.619936
-0.615023
-0.598654
-0.61011
-0.626479
-0.621566
-0.605197
-0.616653
-0.633022
-0.628109
-0.61174
-0.623196
-0.606827
-0.618283
-0.634652
-0.629739
-0.61337
-0.624826
-0.608457
-0.619913
-0.603544
-0.615
-0.646108
-0.598631
-0.610087
-0.626456
-0.621543
-0.605174
-0.61663
-0.600261
-0.611717
-0.595348
-0.606804
-0.590435
-0.601891
-0.585522
-0.596978
-0.580609
-0.592065
-0.575695
-0.587151
-0.570782
-0.582238
-0.565869
-0.577325
-0.560956
-0.572412
-0.556043
-0.567499
-0.55113
-0.562586
-0.546217
-0.557673
-0.541304
-0.55276
-0.536391
-0.547847
-0.531478
-0.542934
-0.526565
-0.538021
-0.521652
-0.533108
-0.516739
-0.528195
-0.511826
-0.523281
-0.506912
-0.495457
-0.490543
-0.501999
-0.48563
-0.497086
-0.480717
-0.469261
-0.464348
-0.475804
-0.459435
-0.447979
-0.443066
-0.454522
-0.438153
-0.449609
-0.43324
-0.421784
-0.416871
-0.428327
-0.411958
-0.400502
-0.395588
-0.407044
-0.390675
-0.379219
-0.374306
-0.36285
-0.357937
-0.369393
-0.353024
-0.341568
-0.336655
-0.325199
-0.320286
-0.30883
-0.303917
-0.36448
-0.292461
-0.287548
-0.299004
-0.282634
-0.271178
-0.266265
-0.254809
-0.249896
-0.23844
-0.233527
-0.222071
-0.217158
-0.75409
0.45396
0.0431001
0.026731
0.174071
0.162615
0.167527
0.151158
0.146245
0.134789
0.129876
0.11842
0.123332
0.106963
-0.205702
-0.07964
-0.498906
-0.304079
-0.510196
-0.439741
0.0740171
0.155862
0.622435
0.396635
-0.200789
-0.906374
-0.0698145
0.432472
0.596261
0.498004
0.111876
0.0955064
-0.503745
0.519371
0.534025
0.910549
-0.557743
-0.00945813
-0.179461
-0.19583
-0.0831513
0.669859
-0.449748
0.700967
-0.495572
0.221339
0.286815
0.00854099
-0.623173
-0.603521
-0.41538
-0.55439
-0.796747
-0.74929
0.764917
0.735459
0.522653
0.602783
0.588045
0.35081
-0.244983
-0.569129
-0.583868
-0.637912
-0.682045
0.0316438
0.0152747
0.0480127
0.44246
0.476828
-0.29409
0.557022
0.285333
0.306467
-0.592088
-0.297374
0.0627309
0.0463619
0.445786
-0.469377
-0.583892
0.568415
-0.464537
0.358984
0.485002
0.0560181
0.548763
0.236078
-0.423553
0.581523
0.532374
-0.618306
-0.326991
0.570133
0.0985597
0.694547
-0.446465
0.103455
-0.722981
0.558589
-0.667468
0.164036
-0.142041
-0.153497
-0.137128
0.648721
-0.778656
0.689545
-0.462858
-0.690285
-0.508685
-0.621643
0.185301
0.45557
0.602895
0.797573
-0.798308
0.250779
0.71411
0.245882
-0.575818
-0.670633
-0.417035
0.817225
0.557069
-0.225309
-0.290787
0.398288
-0.822874
0.511243
-0.709938
0.836876
-0.318635
-0.371212
-0.529992
0.332625
0.311359
0.73376
0.856528
0.352463
-0.842527
-0.356264
0.376836
-0.520022
-0.72959
-0.384112
0.398103
0.593
-0.253342
-0.220628
0.499616
0.699414
0.681415
-0.701788
0.547093
0.663415
-0.595371
-0.506894
-0.533088
-0.559283
-0.148608
-0.104414
0.360487
-0.449798
0.201879
-0.546287
-0.367763
-0.330112
-0.421742
-0.64779
-0.862178
-0.58548
-0.060219
0.431048
-0.629788
0.234596
0.0398183
0.604396
0.016714
0.615959
-0.6215
0.574905
-0.827833
0.336071
-0.271388
-0.582176
-0.608371
0.825461
0.807461
-0.259723
-0.171541
0.252636
-0.55451
0.655156
0.732072
-0.400641
-0.719834
-0.187681
0.15112
0.134751
0.504529
0.48816
-0.0420128
0.588087
-0.255018
-0.266475
-0.250105
-0.286127
-0.876941
-0.690331
-0.685418
-0.204259
-0.215715
-0.199345
-0.816377
-0.811464
-0.800008
0.236267
0.579817
0.563448
0.56836
0.642107
0.874569
0.796005
0.791092
0.779635
0.609274
-0.613284
-0.616545
-0.155172
-0.166629
-0.15026
0.267374
-0.642741
-0.541262
0.856569
-0.18628
0.755111
0.0169272
0.85981
-0.453081
0.452124
-0.533201
0.434329
-0.459394
-0.479087
0.489775
-0.0700215
-0.354865
-0.366321
-0.349952
-0.361408
0.156071
0.548827
0.845092
0.840179
0.828722
0.823807
-0.169658
-0.847463
-0.84255
-0.831093
-0.82618
0.581462
0.336114
0.34757
0.331201
0.342657
-0.518329
-0.501959
-0.402131
0.566827
0.712522
0.249334
-0.644478
-0.33193
-0.119153
0.394855
-0.593653
0.466897
0.154402
-0.696898
-0.268081
-0.72796
0.414488
-0.421764
0.725588
0.720675
0.709219
0.17244
0.313181
0.915461
0.196984
0.283744
-0.0370758
-0.0207065
0.350852
0.339395
0.524144
0.540514
0.486493
0.8942
0.899113
-0.493763
-0.510132
-0.43161
-0.436523
-0.456132
-0.369604
-0.358148
0.836938
0.841851
0.853307
0.448856
0.465226
0.211723
0.604361
0.62073
-0.706589
-0.722958
-0.718045
-0.611632
-0.628001
-0.73781
0.886026
0.890938
0.694403
-0.552697
-0.569067
-0.564154
-0.20265
-0.191193
-0.207563
-0.896571
-0.901484
-0.302496
-0.29104
-0.888398
-0.893311
-0.536349
-0.123834
0.576549
0.592919
0.588006
-0.256624
-0.272994
-0.261537
0.411223
0.406311
0.615934
-0.418501
-0.513456
-0.508543
-0.649391
-0.660847
-0.665761
0.501265
0.496352
0.237878
0.254247
0.24279
-0.0847606
-0.128955
-0.582308
-0.593764
-0.0600115
0.64702
-0.465978
-0.461065
0.597935
-0.0422177
-0.75735
0.0251195
0.640456
-0.330275
0.663332
-0.665696
-0.109096
-0.0976385
-0.0927311
-0.0812713
-0.0861826
-0.0698134
-0.0747263
-0.058357
-0.0632701
-0.0649061
-0.0469009
-0.0518142
-0.621618
0.0510844
0.373723
-0.107487
-0.808111
0.620804
0.607784
0.254077
-0.685349
-0.636382
0.144597
-0.3761
0.606177
-0.580706
0.203302
0.704266
0.561959
-0.629674
0.116562
-0.705001
0.723917
0.198407
0.188601
-0.729566
-0.613347
0.516133
0.424483
0.743569
-0.443232
0.411205
0.280253
0.470308
0.34573
-0.489057
-0.749219
-0.238418
-0.534881
-0.768872
0.78287
0.787783
0.311528
0.324466
0.419547
-0.253158
-0.303895
-0.212245
0.76322
-0.331742
-0.369372
-0.636283
0.612609
0.123124
-0.593694
-0.863855
-0.868768
-0.880225
-0.47266
0.499741
0.041279
0.113489
-0.506872
0.62739
0.247723
0.0201874
0.231354
-0.58874
-0.605109
-0.413587
-0.429957
0.141333
-0.189333
-0.18442
0.124963
0.42268
0.0218197
-0.0256437
-0.0419875
-0.0436424
-0.145098
-0.0861838
0.02328
0.355765
0.272287
0.710772
0.576631
-0.564239
0.910569
0.902395
0.100419
0.0840498
0.116788
-0.420154
0.705859
-0.081271
-0.0976403
-0.5495
-0.534761
0.404809
-0.505219
0.146207
-0.91294
0.535601
-0.226984
0.344308
-0.0305568
-0.574066
0.20334
0.105125
0.46209
-0.307409
-0.425067
-0.349904
0.160984
0.571697
-0.374517
-0.623088
0.381896
0.571718
0.154232
-0.580523
0.450699
-0.885138
0.615817
-0.541374
-0.363061
0.85822
0.846764
-0.521588
-0.190917
-0.207286
-0.174548
0.439177
0.288656
-0.904767
0.926918
0.931831
-0.196106
-0.179737
0.915482
-0.212476
-0.223932
-0.734414
-0.739327
-0.896594
-0.032163
-0.0157937
-0.00433715
0.000575692
0.0120322
-0.194246
0.129838
-0.529918
0.0889625
-0.917853
-0.639458
0.460313
0.476682
-0.0241973
0.604375
-0.541398
0.417768
0.56348
0.578218
0.493073
-0.518486
0.658476
0.663389
0.799239
0.804152
-0.742723
-0.754179
-0.277906
-0.145324
0.579934
0.655194
0.66665
-0.544564
-0.677216
0.25916
-0.0550984
0.0512942
-0.2122
-0.223656
-0.177877
-0.425044
0.10205
0.0791376
0.0725932
-0.0141877
-0.0305315
-0.0387292
0.55197
0.869677
0.864764
-0.148584
-0.132215
0.0578182
0.0414517
0.177353
0.016945
0.907308
0.439242
-0.0188659
-0.163347
-0.179717
-0.374495
-0.390864
-0.564309
-0.783611
-0.795067
0.723979
0.728891
-0.477434
-0.629762
-0.634675
0.748522
0.759978
-0.552718
0.355745
0.372114
0.0741871
-0.0681837
-0.600196
-0.616565
-0.0207315
-0.0256182
0.0775062
0.560262
0.565175
-0.90968
-0.46945
-0.457994
-0.295953
-0.279583
0.547057
-0.0927275
-0.109097
-0.729501
-0.713132
-0.724588
-0.708218
0.632186
0.637099
-0.57561
0.2772
-0.408698
-0.403785
-0.284497
0.722012
0.727105
0.717063
0.700904
-0.345039
-0.333583
0.55199
0.547078
0.533985
-0.26645
0.599462
-0.210801
-0.133868
0.434137
0.476704
0.512722
-0.261562
-0.277931
-0.245193
-0.233736
-0.814724
-0.819637
0.674846
-0.68213
-0.670674
-0.598677
-0.610133
0.50781
0.679759
0.668302
0.774696
0.779609
0.632303
-0.750896
-0.762354
-0.472521
-0.547805
-0.150236
-0.441413
0.326288
0.314832
-0.524912
-0.519999
0.247703
0.231334
0.123294
-0.0353716
-0.521745
-0.516832
-0.505376
0.537371
0.532458
0.521002
-0.0536524
-0.0651085
-0.0487395
-0.484001
-0.467631
-0.472545
-0.456175
0.471809
0.45544
0.460353
0.443984
0.439071
0.185509
-0.120759
0.435754
0.440667
0.424298
0.854897
0.0349268
0.246052
0.229683
0.241139
0.22477
0.213314
-0.590458
-0.579002
-0.574089
-0.562633
-0.567546
0.344118
0.349031
0.332662
0.337575
0.353944
-0.264798
-0.248429
-0.259885
-0.243516
-0.23206
-0.254972
0.552006
0.651958
-0.164953
-0.16004
-0.176409
0.566784
0.555328
0.753461
0.748548
0.737091
0.760004
-0.686959
-0.670589
-0.675503
-0.665675
0.674772
0.658403
0.663316
0.65349
-0.727894
-0.711525
-0.716438
0.746814
0.730445
0.735357
0.718988
0.714075
0.723901
-0.685467
-0.680554
-0.669098
-0.664185
-0.67564
-0.652729
-0.814746
-0.55283
-0.0681835
-0.0845528
-0.0730963
-0.0894656
-0.0174447
-0.0338139
-0.0223575
-0.472501
-0.467588
0.895851
-0.644371
0.0594889
0.609289
-0.621478
-0.408675
-0.672304
0.401399
0.558568
0.270616
-0.289363
-0.708354
-0.713267
0.633852
0.650222
0.655134
0.666591
0.671504
0.676523
0.681435
0.669979
0.686348
0.674892
-0.184605
0.530688
0.462155
0.766568
0.771481
0.782937
0.78785
0.799307
0.776394
0.792763
0.781306
-0.480907
-0.739489
-0.744402
-0.755858
-0.760771
-0.749315
-0.772227
-0.765684
-0.754228
0.922005
-0.623219
0.260831
-0.168029
-0.40232
-0.407233
-0.41869
-0.395777
-0.0763582
0.383571
0.388483
0.39994
0.377027
0.0872946
-0.228569
-0.240025
-0.244939
-0.256395
-0.261308
-0.272764
0.583093
0.669933
-0.724723
-0.729636
-0.741092
-0.71818
-0.734549
-0.723093
0.242811
0.25918
0.226441
0.214985
-0.277678
-0.289134
-0.294047
-0.305259
-0.310376
-0.323285
-0.327014
-0.338242
-0.343193
-0.354618
-0.359532
-0.370983
-0.375894
0.643759
0.196966
0.743634
0.755091
0.13642
0.120051
0.647046
0.635589
0.00381941
-0.0780091
-0.0141635
-0.0960093
0.550415
-0.387351
-0.392264
-0.500463
-0.227147
0.360678
0.372134
-0.55772
-0.312322
-0.0601956
-0.0438266
-0.251482
0.926939
0.922026
0.881133
0.87622
0.938374
0.933462
-0.461089
0.516089
0.527545
-0.218743
-0.48582
-0.497276
0.0692744
0.912221
0.900764
0.165896
0.863133
0.851676
-0.536461
-0.547917
0.918764
0.449018
-0.186004
-0.169636
0.236226
0.141294
0.157663
-0.745778
-0.301024
0.938395
0.933482
-0.18465
-0.168281
-0.516666
-0.500304
0.321206
-0.489162
-0.0272502
0.504633
-0.92931
-0.924397
0.648556
0.653469
-0.18279
-0.166461
-0.161515
-0.115846
0.455612
-0.228845
0.797644
0.786214
0.769849
0.774762
0.758393
0.763306
0.746937
0.751849
0.73548
0.740393
0.724024
0.728936
0.712567
0.71748
0.701111
0.706023
0.689654
0.694567
0.678197
0.68311
0.666741
0.671654
0.655284
0.660197
0.643828
0.648741
0.632371
0.637284
0.620915
0.625827
0.609458
0.614371
0.598002
0.602914
0.586545
0.591458
0.575088
0.580001
0.563632
0.568545
0.552175
0.688023
0.349221
-0.591543
0.0938753
0.722393
-0.37943
-0.390886
-0.367974
0.738095
0.743529
0.557088
0.540719
0.293569
-0.655827
-0.66074
-0.413716
-0.350381
0.555743
0.566871
0.433794
-0.533054
0.545632
0.529262
0.931852
0.265743
0.249374
-0.634544
0.377047
0.388409
0.809095
-0.40372
-0.408633
-0.420089
-0.425003
-0.171496
0.627273
0.610904
-0.921149
0.538973
-0.901507
-0.890051
-0.90642
-0.894964
0.745306
0.545869
0.653653
-0.104184
-0.120553
-0.551177
-0.55609
-0.273018
0.429211
0.412842
0.445579
0.471769
0.488138
0.493051
-0.16826
-0.18463
0.504507
0.594549
-0.28282
-0.356495
0.535618
-0.423603
-0.435059
0.615833
0.646946
-0.647816
-0.32867
0.68296
0.429225
-0.228822
0.702619
0.481617
-0.639588
-0.79998
-0.811436
-0.806523
-0.687043
0.574937
0.570024
0.57985
-0.759092
0.815608
0.810696
0.820521
0.809065
0.64531
-0.693587
0.74035
0.825434
0.692892
0.691217
-0.48889
-0.803268
-0.808181
-0.700068
-0.695154
-0.704981
-0.770548
-0.765635
0.691261
0.679805
-0.250081
-0.254994
-0.564174
-0.569087
0.684671
0.673215
0.671563
0.683019
0.678107
0.694476
0.689563
0.764892
0.776348
-0.659133
-0.664046
-0.646131
-0.4365
0.404853
0.416309
0.275529
0.286985
0.337745
0.254267
0.0856434
0.0807307
-0.215691
0.309919
-0.317213
-0.0765646
0.270636
0.0840127
-0.451262
-0.511919
0.180597
0.192053
0.0463817
-0.822892
-0.817979
-0.827805
0.236247
-0.21057
0.013663
0.0300323
0.732051
0.748426
0.835307
0.84022
-0.737858
-0.742772
-0.759141
-0.747685
-0.731315
-0.736228
-0.719859
-0.72477
-0.708402
-0.713313
-0.696946
-0.701859
-0.68549
-0.690403
-0.674033
-0.678946
-0.662577
-0.66749
-0.651121
-0.656034
-0.639664
-0.644577
-0.628208
-0.633121
-0.616752
-0.621665
-0.605295
-0.610208
-0.593839
-0.598752
-0.582383
-0.587296
-0.570926
-0.575839
-0.55947
0.305026
-0.618175
-0.916226
0.913851
-0.891681
-0.90805
-0.323779
-0.55924
-0.570697
-0.446326
-0.457782
-0.493803
-0.628132
-0.240302
0.210072
0.198616
-0.0501852
-0.0665544
0.439048
0.450506
0.687873
-0.611652
-0.628021
-0.595283
0.0644015
0.0758576
0.0284016
0.0333142
0.50942
-0.00925067
-0.0207052
-0.0387268
-0.00269357
0.00218475
-0.00109102
-0.0125437
-0.125464
-0.0943784
-0.105835
-0.934041
-0.719675
-0.703305
-0.691849
-0.686936
-0.698392
-0.531698
-0.543029
0.543874
0.124778
0.208401
0.196945
-0.940766
-0.935853
0.856589
0.845133
0.828763
0.833676
0.930221
-0.484094
-0.00736443
0.342618
0.358878
0.550907
0.561982
0.545617
0.55701
0.152655
0.712354
0.696018
-0.392329
-0.387416
0.563427
0.56834
0.579796
0.584709
-0.660947
0.63074
-0.926021
-0.398807
-0.521317
-0.07183
-0.3958
-0.407256
0.0218578
0.182266
0.193722
0.170809
0.15444
0.89259
0.887677
0.871307
0.882764
0.899133
0.861502
0.759991
0.764812
0.75334
0.76971
-0.439806
0.622361
-0.173194
-0.156824
-0.151911
-0.140455
-0.718207
-0.511751
-0.495391
0.511176
0.522632
-0.629631
0.254287
0.237917
0.542144
0.525775
0.444155
0.427808
0.432645
0.534175
0.517806
0.523102
0.506413
-0.0727501
0.192045
0.779675
0.664925
0.669838
0.658382
0.198635
0.0824187
-0.328692
-0.68386
0.607827
-0.741221
0.803087
0.917133
-0.210778
-0.932608
-0.127237
-0.412544
-0.424062
-0.418785
0.728345
-0.245215
-0.233758
-0.436459
-0.441372
-0.564383
-0.548013
0.897503
-0.526814
-0.538125
-0.554465
0.51172
-0.189563
0.949831
0.944918
0.954744
-0.672197
-0.667283
0.309939
0.298482
-0.452828
-0.457742
-0.552926
-0.536557
-0.54147
0.707477
-0.145368
-0.128998
-0.124085
-0.112629
-0.117542
-0.101172
-0.0962595
-0.0848031
-0.0798901
-0.0684337
-0.0635207
-0.0520643
-0.0471513
-0.0356948
-0.0406078
-0.0242384
-0.0193254
-0.00786902
-0.00295603
0.00850038
0.0134134
0.0248698
0.0297828
0.0412392
0.0363262
0.0526956
0.0576086
0.069065
0.073978
0.0854344
0.0903474
0.101804
0.106717
0.118157
0.123083
0.134506
0.139449
0.150887
0.15582
0.167276
0.172193
0.18365
0.188563
0.20002
0.204933
0.21639
0.211477
0.227846
0.232759
0.244215
0.249128
0.260585
0.265498
0.276954
0.281867
0.293324
0.298237
0.270411
0.16229
0.113205
0.309693
0.314606
0.326062
0.330975
0.319519
0.335888
0.347345
0.352258
0.363714
0.368627
0.380084
0.384997
0.396453
0.401366
0.412822
0.417735
0.237672
-0.0733467
0.358801
-0.0291514
0.0802982
0.429192
0.434105
0.00358739
0.255672
0.222933
0.206564
-0.171381
-0.187584
-0.3123
0.520877
-0.200974
-0.194431
0.434121
0.556902
-0.138781
-0.122411
-0.15515
-0.372864
0.678048
-0.739463
-0.728006
0.465247
0.591306
0.497986
-0.675588
-0.809809
-0.782004
-0.750919
-0.791812
-0.796725
-0.813094
-0.63636
-0.641273
-0.624903
-0.629816
-0.613447
-0.61836
-0.601991
-0.606904
-0.590535
-0.595448
-0.579078
-0.583991
-0.567622
-0.572535
-0.556166
-0.561079
-0.54471
-0.549623
-0.533253
-0.538167
-0.521797
-0.52671
-0.510341
-0.515254
-0.498885
-0.503798
-0.487429
-0.492342
-0.615046
-0.60359
-0.626503
-0.475972
-0.480885
-0.464516
-0.469429
-0.45306
0.836892
0.791065
0.795978
-0.127325
-0.110957
0.499596
-0.795095
-0.783638
0.648673
0.696174
0.630676
0.699329
0.702718
0.596219
-0.217366
-0.691956
-0.483978
0.684717
0.668348
0.673261
0.656892
0.406279
0.661805
0.645435
0.650348
0.633979
0.357171
0.638892
0.622523
0.627435
0.611066
0.615979
0.59961
0.604523
0.588153
-0.559261
-0.542892
-0.554348
-0.537979
-0.549435
-0.533065
-0.521609
0.593066
0.576697
0.58161
0.565241
0.570154
0.553784
0.558697
0.542328
0.547241
0.530872
0.535784
0.519415
0.177107
-0.536368
-0.541284
-0.531455
0.524328
0.507959
0.512872
0.496502
0.524349
0.486529
0.354114
0.127998
0.501415
0.485046
0.489959
0.47359
0.558719
0.478502
0.462133
0.467046
0.450677
0.45559
0.078891
0.593089
-0.439971
-0.451428
-0.428516
-0.5431
-0.577469
-0.413546
0.00195696
-0.611839
-0.364439
0.673285
-0.646208
-0.619959
-0.608503
-0.315361
-0.0749771
-0.483958
-0.479045
-0.462675
-0.474132
-0.457762
0.707654
0.573369
0.421222
0.409765
-0.266221
0.193703
0.182246
-0.477458
-0.466002
0.465286
0.453954
-0.0323705
-0.0272877
0.509545
0.493544
-0.493945
-0.477733
-0.703489
0.252595
0.248207
0.232093
0.316293
0.304837
-0.569176
-0.553402
0.407929
0.396472
0.401384
0.385016
0.380103
0.368647
0.363734
0.352277
0.347364
0.335908
0.330995
0.319539
0.314626
0.30317
0.298257
0.2868
0.281887
0.270431
0.265518
0.254062
0.249149
0.237693
0.23278
0.221323
0.21641
0.204954
0.200041
0.188584
0.183672
0.172216
0.167303
0.155846
0.150933
0.139477
0.134564
0.123108
0.118195
0.106739
0.101826
0.0903695
0.0854565
0.0740002
0.0690873
0.057631
0.052718
0.0412617
0.0363488
0.0248925
0.0199795
0.00852341
0.0314356
0.14602
0.0036103
-0.00784581
0.260605
-0.271341
-0.266428
0.265724
0.742024
-0.0910957
-0.680416
-0.668959
0.116751
-0.721351
-0.709894
0.398118
0.403031
0.386662
0.391575
0.375206
0.380118
0.363749
0.358837
0.34738
0.342468
0.331011
0.326099
-0.723047
-0.711591
-0.706678
-0.343386
-0.327017
-0.338473
-0.322104
-0.33356
-0.405395
-0.410308
-0.393938
0.470206
0.458751
0.475101
0.463659
0.48001
0.467958
0.484917
0.324637
0.74027
0.728814
0.712445
0.717357
0.733727
0.72227
0.73864
0.727181
0.743552
0.732096
0.748465
0.737009
0.753378
0.741922
0.758291
0.746835
0.763204
0.751747
0.768117
0.75666
0.773029
0.761573
0.777942
0.766486
0.782855
0.771399
0.787768
0.776312
0.792681
0.781224
0.797594
0.786137
0.802506
0.79105
0.807419
0.795963
0.812332
0.800876
0.817244
0.755009
-0.443024
-0.482371
-0.471528
-0.487386
-0.0159732
-0.0108857
0.000406025
0.00533776
0.0167525
0.49815
0.482159
0.486716
0.470351
0.475205
0.458827
0.463729
0.0627506
-0.351394
-0.356307
-0.339938
-0.344851
-0.328488
-0.361221
-0.349897
0.687958
-0.511807
-0.349929
-0.345016
-0.361386
-0.356473
-0.340102
-0.351559
-0.367929
-0.363016
-0.379385
-0.374472
-0.390841
-0.385928
-0.402296
-0.397384
-0.413752
0.814005
0.809091
0.797634
0.483247
-0.0880444
-0.232084
-0.564196
0.583114
0.566745
0.571658
0.555289
0.550375
0.560201
-0.58709
0.152789
0.147876
0.164246
0.159333
-0.182998
-0.281005
-0.285918
-0.269549
-0.274462
-0.290831
-0.279375
-0.258093
-0.295744
-0.3072
-0.441436
-0.534831
-0.518462
-0.513847
-0.502143
0.622502
0.617589
0.606133
-0.600219
-0.58385
-0.588762
-0.578937
-0.567481
-0.0111114
-0.0225666
-0.00619743
-0.0389366
-0.0340226
-0.0503927
-0.482498
-0.466128
-0.471019
-0.454646
-0.459555
-0.443183
-0.82292
0.820548
0.804179
0.815635
0.799265
0.810722
0.794353
0.782897
0.805809
0.833635
-0.220604
-0.572459
0.370316
0.37523
0.363774
0.380138
0.368683
0.385051
0.396507
0.40142
0.389964
0.406333
0.417789
0.835263
0.201858
-0.561054
-0.556141
-0.544684
-0.567597
-0.551228
-0.562684
-0.837635
0.264139
0.259766
0.275627
-0.187888
0.633873
0.299924
0.288468
0.283555
0.272099
0.267186
-0.564362
-0.545763
-0.559011
-0.54262
-0.55432
0.584728
0.784548
0.0300156
-0.138803
-0.13389
-0.122433
-0.117521
-0.128978
-0.112608
-0.101152
0.175702
-0.315561
-0.282797
-0.27772
-0.261431
-0.294226
-0.287553
-0.716504
0.714132
0.275549
0.419401
0.568444
0.552074
0.563526
0.547156
0.558611
0.542242
0.57657
-0.159856
0.106945
-0.25318
-0.322126
0.252616
-0.448096
-0.22228
-0.205911
-0.398872
-0.685329
-0.673871
0.147858
-0.305407
-0.300796
-0.317115
0.553698
0.353924
-0.102553
0.0905561
-0.726264
-0.714808
-0.731178
-0.719722
-0.736091
-0.724635
0.573253
0.37519
0.684567
0.497964
-0.235389
-0.659218
-0.664132
-0.711637
-0.71655
-0.700181
-0.705094
-0.688725
-0.693638
-0.710007
-0.698551
-0.682181
0.656846
0.661759
0.753435
-0.878594
-0.883507
-0.867138
-0.872051
-0.888421
-0.876964
-0.860595
-0.865508
-0.849138
-0.854052
-0.870421
-0.858965
-0.842595
-0.847508
-0.875334
-0.114032
-0.384298
0.383575
0.676417
-0.919484
-0.93094
-0.947309
-0.942396
0.917113
0.928569
0.944939
0.940026
-0.0272733
0.673194
0.68465
0.701019
0.696106
0.679737
0.691193
0.674824
0.68628
0.669911
0.681368
0.664998
0.676455
0.660086
0.671542
-0.446306
-0.441392
0.758251
0.77462
0.786076
0.790988
0.779532
0.795901
0.784445
0.800814
0.789358
0.805727
0.817183
0.822096
0.81064
0.827009
0.815553
0.831922
0.820466
0.836835
0.825379
0.841748
0.853204
0.858117
0.846661
0.86303
0.851574
0.867943
0.856487
0.872856
0.8614
0.877769
0.866312
0.882682
0.871225
0.887595
0.876138
0.892508
0.881051
0.89742
0.885964
0.902333
0.890877
0.907246
0.89579
0.912159
0.900703
0.917072
0.905616
0.921985
0.910528
0.926898
0.915441
0.931811
0.920354
0.936724
0.925267
0.893842
0.909282
0.941636
0.93018
0.8794
0.919049
0.807358
0.928528
0.946549
0.838594
0.938354
0.913811
0.899072
0.884333
0.869595
0.854856
0.840117
0.804096
0.768075
0.784523
-0.926027
-0.937483
0.923657
0.935113
0.951482
0.94657
-0.483936
0.9302
-0.831139
-0.836052
-0.852421
-0.840965
-0.824596
-0.829509
-0.813139
-0.818052
-0.801683
-0.806596
-0.822965
-0.811509
-0.808226
-0.196085
0.817307
0.730523
-0.80161
-0.813066
-0.796697
-0.808153
0.327919
-0.346669
-0.777068
0.427574
0.411396
0.591391
0.928549
0.496374
0.501287
0.490355
0.506287
0.494235
0.511042
0.499031
0.515909
0.504539
0.520913
0.705979
0.710892
-0.741004
-0.729548
-0.745917
-0.734461
-0.135522
0.517634
0.0529452
0.342451
-0.778633
-0.795002
-0.790089
-0.806458
-0.811371
-0.801545
-0.822828
-0.827741
-0.839197
-0.84411
-0.832654
-0.849023
-0.837567
-0.853937
-0.84248
-0.85885
-0.847393
-0.863763
-0.852307
-0.868676
-0.85722
-0.873589
-0.862133
-0.878502
-0.867046
-0.883415
-0.871959
-0.888329
-0.876872
-0.893242
-0.881785
-0.898155
-0.886699
-0.903068
-0.891612
-0.907981
-0.896525
-0.912894
-0.901438
-0.917808
-0.906351
-0.922721
-0.911264
-0.927634
-0.916178
-0.932547
-0.921091
-0.889959
-0.904698
-0.93746
-0.926004
-0.865393
-0.834284
-0.914524
-0.942373
-0.930917
-0.947286
-0.93583
-0.929264
-0.880132
-0.850653
-0.944745
-0.9522
-0.940743
-0.924374
-0.909634
-0.894895
-0.880155
-0.865416
-0.850677
-0.785176
-0.796632
-0.813001
-0.808088
-0.791719
-0.803175
-0.786806
-0.798262
-0.781892
-0.793349
-0.776979
-0.765523
-0.788435
-0.814631
-0.824468
-0.650957
-0.615075
-0.634729
-0.791784
-0.80324
-0.786871
-0.798327
0.627347
0.339353
0.355723
0.344266
0.360636
0.349179
0.372093
0.33281
0.337723
-0.31046
-0.305546
-0.321916
-0.289177
-0.300633
-0.284264
-0.642825
-0.654281
-0.659194
-0.649368
-0.665737
-0.660824
-0.407208
-0.790227
-0.161693
0.786152
-0.75083
-0.739374
-0.755743
-0.744287
0.722349
-0.0436196
0.327939
-0.781958
-0.793414
-0.777044
-0.7885
-0.881855
-0.585436
0.904026
-0.906397
0.309713
-0.346691
-0.526501
-0.844225
-0.821198
0.745263
0.813978
-0.456152
0.660107
0.244461
0.663368
-0.503629
-0.772131
-0.783587
-0.767218
-0.778674
0.655173
0.66663
0.65026
0.661717
0.321354
0.326266
-0.760656
-0.7492
-0.765569
-0.754113
-0.737744
-0.742657
-0.759026
-0.74757
-0.763939
-0.752481
-0.611817
0.640523
0.0578379
0.074207
0.764834
-0.60522
0.645347
0.656803
0.640434
0.65189
-0.488871
-0.441625
-0.641218
-0.831024
-0.233482
0.638846
0.342636
-0.435167
0.635521
0.646977
0.630608
0.642065
0.625696
0.637152
0.676476
0.866395
-0.67548
0.653542
0.61761
-0.588904
0.77466
0.365549
0.227867
-0.84085
0.920374
0.877851
-0.670566
0.620783
0.63224
0.615871
0.941657
0.309897
-0.652588
0.794394
0.594697
0.195128
-0.565992
0.784486
0.655216
-0.66912
-0.772066
0.82222
0.838589
0.827132
-0.775395
-0.780307
0.213335
-0.012759
-0.0242153
-0.0291283
-0.0405847
-0.0193016
-0.0454975
-0.0569539
-0.0520417
-0.0684123
-0.0733248
0.571784
0.794312
-0.543079
0.548872
0.31481
0.804137
0.638915
-0.520167
0.113282
-0.677193
-0.67228
-0.682107
-0.655911
-0.667367
-0.650998
-0.662454
-0.646085
-0.657541
-0.641172
-0.652628
-0.636259
-0.647715
-0.631346
-0.642802
-0.626433
-0.637888
-0.621519
-0.632976
-0.616607
-0.628064
-0.611694
-0.62315
-0.60678
-0.618237
-0.601867
-0.613323
-0.596954
-0.60841
-0.592041
-0.603497
-0.587128
-0.68861
0.525959
0.813963
0.616002
0.0805435
-0.497254
0.0692943
-0.929287
-0.945656
-0.9342
-0.95057
-0.939113
-0.698439
0.49498
0.620847
0.823789
0.503046
-0.767314
-0.708266
0.658502
0.110227
0.480133
-0.150048
-0.718091
0.45722
-0.727918
-0.426677
0.324432
0.308063
0.177334
0.165877
-0.29572
-0.279351
-0.267895
-0.262982
-0.251526
-0.246613
-0.235157
-0.230243
-0.218787
-0.213874
-0.202418
-0.197505
-0.186049
-0.31209
-0.695222
-0.690309
-0.701765
-0.685396
-0.696852
-0.80492
-0.145146
-0.156597
-0.140228
-0.151682
-0.516696
-0.523241
0.432678
-0.469218
0.108594
0.918723
-0.398852
-0.382482
-0.377569
-0.366113
-0.3612
-0.786919
-0.799957
0.0693139
-0.809783
0.490005
0.103682
-0.819609
-0.829436
0.689584
-0.839262
-0.623108
0.0660499
0.0578579
-0.430145
-0.31719
0.704243
-0.762305
-0.387394
-0.598584
-0.582215
0.617503
0.529091
-0.678853
0.00877544
-0.0829212
0.00873532
0.0234716
-0.0992857
-0.158184
-0.136917
-0.474497
-0.491992
-0.481033
-0.497124
0.25573
0.250817
0.262273
0.245904
0.234456
0.229536
-0.502189
-0.580742
0.0477826
0.304819
-0.127302
-0.110392
0.534163
0.545522
0.529257
0.540613
-0.431804
-0.436652
-0.420363
-0.425201
-0.181091
-0.19746
-0.164725
-0.155127
-0.241774
-0.236819
0.0643422
0.218089
0.213168
0.92859
-0.37599
-0.222234
0.509608
0.525868
0.515167
0.531126
-0.0387068
-0.0223374
-0.0550761
-0.893334
0.843113
0.831979
-0.166583
-0.53978
0.584898
0.524221
-0.409002
-0.413761
-0.397564
-0.402311
-0.386048
-0.390846
-0.37458
-0.379387
-0.362819
-0.367879
-0.351304
0.391436
-0.317235
0.953036
0.0761045
0.0922346
-0.456665
0.0380851
0.0266071
0.638597
-0.11562
-0.955207
-0.953656
-0.638034
0.270937
0.287041
-0.963586
0.506563
0.518013
0.534137
0.529476
0.545603
0.540692
0.522644
0.535719
0.552098
0.547177
0.531477
0.542375
0.55865
0.0712493
-0.827395
-0.816204
-0.535623
-0.845691
-0.538777
-0.549623
-0.56589
-0.560996
-0.54463
-0.556072
-0.539702
-0.551155
0.596165
0.0217576
0.0331261
0.0381187
0.0494946
0.0546044
0.0658829
0.393306
-0.736044
0.218074
-0.380909
-0.490341
-0.542305
0.0313293
-0.961692
0.445461
0.450458
0.461811
0.466821
0.455384
0.471752
0.482986
0.488087
0.476662
0.493031
0.504487
-0.0991758
0.776197
-0.0376542
0.460196
0.471926
-0.535143
-0.546301
0.447683
0.452321
-0.953485
-0.731106
0.381966
-0.764054
-0.775268
0.957662
0.953052
0.968959
0.00381647
0.0201828
-0.0136772
0.934836
0.94914
0.941677
0.352648
0.29367
-0.173173
-0.235367
-0.335213
-0.367951
0.144389
0.226236
-0.0454798
-0.0618492
0.529072
-0.644502
-0.655958
-0.755833
0.700988
0.696075
-0.403924
-0.420294
-0.431749
-0.436662
-0.448118
-0.453031
-0.464487
-0.459574
-0.475943
-0.47103
-0.487399
-0.482486
-0.498855
-0.493942
-0.510312
-0.505399
-0.521767
-0.516855
-0.441575
0.651858
0.668228
0.635486
-0.781983
-0.844175
-0.680482
-0.691938
-0.669025
-0.251736
0.827067
0.622417
-0.0913272
0.658435
0.607675
0.606045
0.682999
0.538918
0.535637
0.530724
0.697762
0.701041
0.768179
0.773092
0.763265
-0.156804
-0.562568
0.303184
0.298271
0.281902
0.293358
0.276989
0.288445
0.272076
0.26062
0.255707
0.244251
0.239338
0.227882
0.222969
0.211513
0.2066
0.195144
0.190231
0.178774
0.173862
0.162405
0.157492
0.146036
0.141123
0.129667
0.124754
0.113298
0.108385
0.0969289
0.0920159
0.0805598
0.0756468
0.0641907
0.0592777
0.0478216
0.0429086
0.0314525
0.0265394
0.0150838
0.304814
0.0707341
0.185318
0.619219
-0.639521
-0.62478
-0.0272704
-0.55111
-0.703412
-0.505259
-0.657588
-0.662501
0.841804
-0.654332
0.777983
0.769807
-0.349744
-0.34483
-0.354657
-0.667326
0.701087
-0.726288
-0.639477
-0.644391
-0.580543
-0.585457
-0.574
-0.780354
-0.785268
0.4554
0.466858
0.596303
0.584848
-0.356405
-0.340716
0.349201
0.697704
0.68625
0.316463
0.291898
0.280441
0.221529
0.683043
-0.238626
-0.233712
-0.544644
-0.528992
0.113444
-0.182952
0.180578
0.174176
-0.371052
-0.359591
0.57818
0.566724
-0.204235
-0.0340412
-0.0992154
-0.300844
-0.295931
0.282093
0.27718
-0.434893
-0.422126
-0.431175
0.0856634
0.527481
0.175684
0.18714
0.512743
-0.0665525
-0.0714616
-0.0667621
-0.0782183
0.624132
0.57498
-0.577351
-0.209148
0.25736
0.491564
0.0807508
0.386683
0.312975
-0.785314
-0.475923
0.2919
0.30335
0.298436
0.314794
0.309928
0.326255
0.32167
0.337759
0.333134
0.349225
0.699389
0.710846
-0.0109007
-0.579054
-0.574139
0.16914
-0.063293
-0.0452705
-0.210823
0.630574
0.742004
0.725634
0.72072
-0.791765
0.771461
0.766548
-0.674011
0.827092
-0.826226
-0.181322
0.203528
-0.564286
-0.747547
0.55537
-0.114216
-0.0978466
0.473406
0.854938
-0.680393
0.609326
0.741881
-0.190962
-0.174593
-0.16968
-0.158225
0.812394
0.101842
-0.590411
0.868025
0.200266
-0.637828
-0.575672
0.0185758
0.0349449
0.602744
-0.380849
-0.614935
-0.631305
-0.567457
-0.651021
0.373573
0.277159
-0.295906
-0.690355
0.502862
0.0709451
-0.101129
-0.575765
-0.580678
0.658523
0.144614
0.00220649
0.216635
0.902354
-0.0878366
-0.71981
-0.492363
0.62894
0.687979
-0.611763
0.553655
-0.775349
-0.647762
0.584762
0.64539
-0.429936
-0.425023
-0.912917
-0.921114
-0.747636
-0.764006
0.321395
0.325968
-0.613262
-0.927683
-0.944052
-0.554327
-0.565783
-0.582153
-0.903137
-0.919507
-0.92442
-0.340148
-0.446285
-0.0616412
-0.0780104
-0.0452731
-0.510172
-0.462695
-0.474151
-0.469239
-0.832769
0.39996
0.395045
0.24116
-0.251758
-0.246845
0.589622
0.578165
-0.633046
0.210092
0.215004
0.67966
0.668205
0.249354
0.905677
-0.67711
-0.68812
-0.43648
-0.42011
-0.408654
-0.403741
-0.392284
-0.387371
-0.375915
-0.371002
-0.359546
-0.354633
-0.343176
-0.338263
-0.326807
-0.321894
-0.310438
-0.305525
-0.294069
-0.289155
-0.277699
-0.272786
-0.26133
-0.256417
-0.244961
-0.240047
-0.228591
-0.223678
-0.212222
-0.207309
-0.235135
-0.267873
-0.300612
-0.333351
-0.366089
-0.398828
-0.538002
0.203509
0.198596
-0.783684
-0.788597
0.525789
0.537247
-0.135314
-0.544522
-0.195853
-0.19094
-0.202396
0.142964
-0.462655
-0.474111
-0.508733
0.43922
0.434308
-0.93257
0.940005
0.956103
0.0447701
-0.01908
-0.773761
-0.790131
0.460332
0.448876
-0.777092
-0.760721
-0.457973
-0.474342
-0.0223601
-0.0109076
0.0299959
0.659919
-0.00434113
-0.0436369
0.00220211
-0.614976
0.537749
0.488357
0.0988999
0.110263
0.115291
0.126639
-0.645871
0.270786
0.529038
-0.45064
0.681163
0.686186
0.697896
-0.911108
-0.486269
-0.502128
-0.490937
-0.507015
-0.513499
-0.845205
0.448443
0.475085
0.29415
0.203488
-0.225541
-0.220474
-0.208986
-0.783047
-0.767074
-0.798407
0.395697
0.409296
0.424132
0.921562
-0.504734
-0.624642
0.526743
0.242949
0.442954
-0.524129
0.201851
0.196821
0.185433
0.180447
0.56158
0.869202
0.864599
-0.313678
-0.506735
0.495783
0.526891
0.538035
0.086915
-0.192451
0.344141
0.360608
-0.917169
0.0105309
-0.344572
0.436696
0.440951
0.424832
0.429441
-0.530404
-0.541426
-0.52517
-0.536466
-0.520928
-0.531657
0.355717
0.372072
0.367367
0.383561
-0.426813
-0.205865
0.872394
0.963802
0.357505
-0.527667
0.965407
0.537062
0.553456
0.327603
-0.522816
-0.496494
-0.512031
0.854703
0.0459005
-0.0457147
0.500083
0.516567
-0.431667
0.379371
0.395115
0.908236
0.913423
0.159521
0.47847
-0.522352
-0.838807
0.175243
0.501998
-0.498061
-0.516403
-0.505306
-0.521615
-0.528197
-0.510391
-0.908153
-0.907909
-0.033794
0.590731
-0.885942
-0.89036
-0.284288
-0.300943
-0.305962
-0.268265
-0.178323
-0.19414
-0.205287
0.169085
0.164081
0.152603
0.147561
0.175517
0.0708779
0.0822392
0.0873775
0.0986278
0.103441
0.114949
0.0773052
-0.862384
-0.867023
-0.405067
0.512948
0.772259
-0.439995
-0.451465
-0.295758
-0.512216
-0.176637
-0.0164166
-0.333691
0.535991
-0.105395
-0.123834
-0.498974
0.535968
0.528535
0.904188
-0.457551
-0.467821
0.879607
-0.400907
-0.417011
0.972331
0.413298
0.417963
0.400042
0.634944
0.617448
-0.216708
-0.23369
-0.208829
0.133608
-0.122011
-0.106813
0.0145549
0.031516
0.119534
-0.469564
-0.508335
-0.934749
-0.939784
-0.487849
-0.489816
-0.0340644
-0.017695
-0.24946
-0.261533
-0.238681
-0.147915
-0.160188
-0.00694169
0.103599
-0.880575
0.0289599
0.252804
0.0891884
0.466386
-0.7801
-0.382207
-0.519266
0.361864
-0.35826
0.493302
0.788249
0.766509
0.540084
-0.108687
0.606897
-0.495301
0.120722
0.39862
0.387149
-0.747608
-0.743906
-0.752661
-0.76918
-0.94919
-0.960322
-0.953455
0.410019
0.427631
0.26128
0.247865
-0.246238
-0.970853
-0.57724
-0.561096
-0.592427
-0.554602
0.342599
0.202599
0.21859
0.20499
-0.98021
0.880504
0.876339
0.859972
0.856159
-0.54412
-0.955147
-0.965764
-0.245898
0.207133
0.222372
0.23563
0.252296
0.124255
0.136191
0.155429
0.157245
0.173313
0.501303
0.386663
0.45515
-0.458421
-0.503134
-0.472484
0.310601
0.31426
0.32711
-0.432669
0.374865
0.510925
-0.513582
0.4463
0.463568
-0.316938
-0.333806
-0.0127632
0.397151
0.402735
0.412886
0.488209
0.504567
0.311033
-0.509737
0.508421
0.506681
-0.31705
-0.316955
0.282276
-0.442285
-0.45874
-0.431431
-0.450324
-0.456844
-0.468401
0.00362145
-0.0249113
0.508582
0.522793
0.52146
0.427677
0.514443
0.28063
-0.0474967
-0.0404956
-0.0589221
-0.0485804
-0.0322295
0.14342
0.175618
-0.513455
-0.528634
-0.230243
-0.341965
0.49355
0.509519
0.504468
-0.412906
-0.165334
0.407005
-0.081941
-0.259729
-0.273906
-0.0642995
-0.0570101
-0.0740377
-0.0928268
0.484891
0.469764
-0.199605
-0.367924
-0.385098
-0.396284
0.461511
0.479836
-0.48538
-0.500163
0.40762
0.425322
0.0412902
0.0587941
-0.0764054
0.201754
0.19016
0.185393
0.234446
0.121194
-0.193508
0.185989
0.107477
0.136162
-0.160102
0.0430917
-0.430085
-0.132184
-0.391312
0.754721
0.748627
0.0545234
-0.413301
0.982779
-0.198762
-0.780377
-0.769096
-0.775424
-0.758023
0.471479
-0.599432
-0.612655
-0.557478
-0.54509
-0.346619
0.525561
0.378508
-0.495215
0.180693
0.168894
0.0726866
0.420949
-0.0321781
-0.143631
-0.138641
-0.444885
0.258973
0.291712
0.32445
0.177127
0.357189
0.389927
0.095281
0.422663
0.0625426
0.478317
0.0298042
-0.307387
-0.0798704
-0.0635003
0.532334
-0.178086
-0.132239
-0.189518
-0.205887
0.545442
-0.312275
-0.0291093
-0.056936
0.173709
0.157196
0.14586
0.140699
-0.335189
-0.471059
-0.358102
-0.448147
-0.493972
-0.516884
-0.539797
-0.562709
-0.585621
-0.381014
-0.608534
-0.457944
-0.446487
-0.480857
0.656769
-0.50377
-0.526682
-0.71492
-0.703463
-0.124065
0.103472
0.13621
0.218056
0.250795
-0.240279
-0.223909
-0.546313
0.684617
0.283533
-0.569223
0.715727
-0.0471296
-0.624872
-0.613416
0.725551
-0.384321
-0.389234
-0.40069
-0.405602
-0.417059
0.540549
0.556919
0.519268
0.453791
0.735376
0.335924
0.368661
0.602763
-0.786897
0.745202
0.396487
0.514283
-0.660871
-0.672327
-0.83272
0.755028
0.0379954
0.0216264
0.764853
0.774679
-0.696875
0.784505
0.789416
0.491441
0.66826
0.692825
-0.662477
0.70265
-0.675568
-0.0896741
-0.534857
-0.693563
0.712476
-0.683736
-0.67391
-0.664084
-0.654259
0.565113
0.581482
-0.687022
-0.099501
-0.538138
0.494686
-0.143695
-0.160066
-0.614953
0.702674
-0.855632
0.843439
0.838526
0.849984
0.848351
-0.793438
0.540531
0.52416
0.519247
-0.768897
-0.778725
-0.767266
-0.798375
-0.243538
-0.259908
0.807435
0.679704
0.81235
0.7157
0.720615
0.710788
-0.76729
-0.762375
0.589636
0.606006
-0.732919
0.766526
-0.726376
0.619115
-0.305735
-0.736113
-0.721375
-0.631447
-0.642902
0.50779
0.640398
-0.67224
0.738719
-0.392469
0.548706
0.553619
0.527424
0.727261
0.610958
0.62733
0.599501
0.643698
0.673139
-0.84909
-0.178061
-0.182974
0.704349
0.751808
0.746893
0.709262
-0.585593
-0.636218
0.712544
-0.436691
0.678174
0.655261
0.68953
0.705954
-0.565805
0.671586
0.686306
0.707586
0.632349
0.692847
0.717389
0.614306
0.607761
-0.338286
0.714177
-0.546197
-0.557654
-0.529826
0.609436
0.586523
-0.485588
0.56361
0.540697
-0.0847826
0.517785
-0.351582
-0.340126
-0.821265
0.494872
-0.557768
-0.649418
0.619132
-0.291018
-0.279561
-0.677241
-0.161717
0.822156
-0.485608
-0.490522
-0.521629
0.471959
0.460503
-0.495437
-0.547825
-0.55274
-0.375937
-0.556023
0.59294
-0.3432
-0.513446
0.131232
0.126392
0.390889
-0.526352
-0.542944
0.406439
0.411374
-0.307177
-0.274439
-0.256649
-0.2417
-0.208962
-0.329641
-0.0504113
-0.200997
-0.00130267
-0.189542
-0.61004
0.296606
0.291693
0.535972
0.426135
0.717457
0.724001
0.308268
0.296811
0.897441
0.36557
0.370483
0.38194
0.386852
0.398309
-0.480675
-0.680504
-0.431567
-0.447937
0.437419
0.432504
0.458704
-0.490502
-0.708327
-0.495415
0.833614
0.828702
-0.570718
-0.922744
0.840158
-0.596914
-0.601826
-0.908004
-0.634565
-0.655847
-0.66076
-0.649304
-0.654218
0.533813
0.422823
-0.0962398
-0.637848
0.549088
-0.34526
-0.537992
0.142738
-0.372805
0.542283
0.388445
-0.200766
-0.647675
-0.395731
-0.937431
-0.552809
0.434265
-0.796677
-0.641131
-0.657501
-0.233505
0.365537
0.0363658
-0.418643
0.624065
-0.549555
-0.565917
-0.57083
0.208257
-0.56262
-0.266243
0.0691039
-0.451198
-0.194922
0.45721
0.476873
0.342626
-0.204207
0.633891
-0.441555
-0.298982
0.0445615
0.102008
0.106925
-0.683696
-0.772113
0.163204
0.168937
0.174002
-0.333741
-0.60515
0.853263
0.170771
-0.351988
0.319706
-0.365708
-0.377519
-0.33172
0.137854
-0.677153
0.150949
-0.750849
-0.0880741
-0.554402
-0.690241
-0.762286
-0.790182
-0.192778
-0.32357
0.0118328
-0.503653
0.154421
0.293549
0.288637
-0.614977
0.298462
0.303375
-0.289387
-0.2943
-0.199162
0.0971199
-0.310567
-0.418778
-0.179506
0.58481
0.589722
-0.760675
-0.364459
0.427725
0.183688
-0.194454
-0.356287
-0.708307
-0.624803
-0.523375
-0.446349
0.257529
0.285355
-0.231904
0.502898
0.524179
0.545462
-0.0730972
-0.0894664
-0.0845531
-0.100922
0.761611
-0.096009
0.817266
0.514355
0.481639
-0.493827
-0.770501
-0.0209096
0.514468
0.0905762
-0.498836
-0.489029
-0.397198
0.216426
0.268979
0.31138
-0.580648
0.0054692
-0.28771
-0.683811
-0.672355
-0.0550944
0.180615
0.159315
0.629045
-0.109303
0.319724
0.684598
-0.24007
-0.696786
-0.634629
0.108381
0.216617
0.55696
-0.737721
-0.138087
-0.050183
0.730546
0.461948
0.565204
0.570075
-0.590509
-0.11587
-0.561004
-0.577372
-0.466117
-0.0831315
-0.5333
-0.780328
0.381749
0.669958
0.665045
0.6765
0.336093
0.192072
0.576618
-0.618329
0.802548
0.786179
0.781263
0.79272
-0.312168
-0.318656
-0.451401
-0.435032
-0.423576
-0.197691
-0.657567
-0.708377
0.249164
-0.0796396
-0.107465
-0.474314
-0.164979
-0.0616397
-0.056727
0.47016
-0.225517
0.736986
-0.641242
-0.693523
-0.682068
-0.686983
-0.588828
0.38177
-0.501979
0.782917
0.778004
0.761634
0.756721
0.611046
0.594677
0.00525777
0.033082
0.705898
0.732177
0.373813
-0.0356721
-0.0307597
-0.0143886
-0.731289
0.774722
-0.359756
-0.734503
-0.497045
-0.577262
-0.400481
-0.0863905
0.301724
0.560283
0.453968
-0.335025
-0.313743
0.530751
-0.438754
-0.130585
0.604502
0.588133
0.576677
0.571764
0.560308
0.555395
0.566851
0.543939
0.548851
0.532482
0.537395
0.521026
0.525939
0.50957
0.514483
0.498113
0.503026
0.486657
0.49157
0.475201
0.480114
0.463745
0.468657
0.452288
0.457201
0.440832
0.445745
0.429376
0.434288
0.417919
0.422832
0.406463
0.411376
0.395007
0.39992
0.550482
0.470288
0.427745
0.485026
0.519395
0.38355
0.388463
0.516113
0.377007
0.493201
0.435919
0.413007
0.390094
0.36718
0.381918
0.393376
0.450658
0.542308
0.599589
0.370461
0.58159
-0.528175
-0.626413
-0.369558
0.658455
0.642086
0.114929
0.563502
0.547253
0.0398573
-0.120783
-0.55437
0.147667
-0.543053
-0.43004
-0.457805
0.691163
0.674791
0.669878
-0.397256
0.468493
0.275342
0.0529051
-0.44519
-0.431042
-0.449856
0.340819
-0.52014
-0.665719
0.30808
0.242604
-0.0549462
0.629066
0.612697
-0.713178
-0.701722
-0.696809
-0.706635
-0.723005
-0.711548
0.606153
0.589784
0.720637
-0.0405664
-0.0127401
-0.017652
0.541173
0.750177
-0.597078
0.583241
0.566871
-0.574165
-0.718068
-0.603458
-0.497228
0.684631
-0.587175
0.560328
0.543959
-0.659246
-0.642874
0.34497
0.119824
0.108368
-0.551253
0.0870855
0.0756291
0.0592599
0.683091
0.730463
0.290098
-0.656012
-0.639642
0.160758
-0.675546
-0.0765882
-0.580567
-0.56911
0.597913
0.586457
0.59137
0.579913
0.584826
0.57337
0.578283
-0.732831
0.201671
0.190214
0.173845
0.168932
0.152563
0.141106
0.740288
0.660177
0.637264
0.537415
0.521046
-0.685372
-0.52834
-0.346645
-0.633099
-0.61673
0.614351
-0.384132
0.79266
0.781204
-0.610187
-0.593817
-0.793395
-0.781939
0.591438
0.229513
-0.826111
-0.814655
0.223139
0.20677
0.195314
0.190396
0.802486
0.79103
-0.328645
-0.845763
-0.834307
-0.83922
-0.85559
-0.860503
-0.849047
-0.85396
-0.835937
-0.824481
-0.673939
-0.652653
-0.241679
-0.246591
0.262251
0.234409
0.222953
-0.79677
-0.791857
-0.803313
0.326204
0.309825
-0.695198
-0.505428
0.514502
0.498133
0.167489
-0.587274
-0.570905
0.732131
0.727219
0.738674
0.750114
-0.333388
-0.61999
-0.572394
-0.560936
-0.249852
-0.254765
-0.271134
-0.657664
-0.641295
-0.629838
0.709196
0.627459
0.611089
0.568525
0.373557
0.812312
0.800855
0.599483
-0.276092
0.488178
-0.564361
-0.547992
0.49159
0.475221
-0.50037
0.75994
0.254041
0.258954
0.275324
0.263867
0.247498
0.242585
0.226216
0.221303
0.209846
0.214759
0.193477
0.18202
0.165651
0.219987
0.214552
0.539026
0.105295
0.100382
0.111838
0.282891
-0.482516
0.0789113
0.442931
0.822138
0.810681
0.545612
-0.0421963
0.134644
0.182227
-0.705025
-0.698478
-0.714847
0.543831
0.52746
-0.77544
-0.274417
-0.27933
0.157684
0.542283
-0.595422
-0.67713
0.294989
-0.526658
0.185528
-0.546559
-0.531319
0.604545
0.588176
0.57672
0.417752
0.0414694
0.0461729
0.674871
0.468677
0.452308
-0.588805
-0.817961
-0.806505
-0.40558
-0.400666
-0.459603
0.327728
0.332642
0.349011
0.316272
0.719023
0.522699
0.252447
0.769766
-0.798353
-0.541449
-0.52508
0.831963
0.820507
-0.636241
-0.641154
-0.629694
0.260811
-0.307156
-0.312069
-0.250099
-0.616588
-0.539771
-0.523401
-0.785291
-0.780377
-0.76892
-0.791833
0.0658213
0.0821905
-0.52825
-0.533942
-0.496034
0.599544
-0.0929426
0.648629
-0.827787
-0.81633
-0.525557
0.316256
0.3048
0.28843
0.283517
0.267148
0.255692
-0.518536
-0.502167
0.841789
0.830332
0.499786
0.779591
-0.382668
-0.377755
-0.335004
-0.323548
-0.32846
-0.339917
-0.0667813
-0.0782377
-0.0946075
-0.0896947
-0.263832
0.728847
0.49972
0.482008
0.70588
0.689508
0.727159
0.339205
0.262421
0.20516
0.520898
0.573288
0.170602
-0.837682
0.445764
0.429395
0.668281
0.651912
-0.38269
-0.695245
-0.678873
-0.601914
-0.339895
-0.344807
0.131508
-0.00107539
0.363939
0.348995
0.337538
-0.837613
-0.826157
-0.287757
-0.816284
-0.804828
-0.870329
-0.875242
-0.863786
-0.868699
-0.885069
-0.889982
-0.878526
-0.883439
-0.899808
-0.904721
-0.893265
-0.898178
-0.914548
-0.919461
-0.372634
-0.377546
-0.544584
-0.199367
0.381733
0.370277
-0.706611
-0.84744
-0.835983
-0.0469092
-0.0521029
-0.281167
0.427683
0.422388
0.434106
0.429237
0.450519
0.458832
-0.227193
0.363919
0.347549
0.269005
-0.438111
0.772988
0.756619
0.777901
0.751706
0.79427
0.799183
0.787727
0.79264
0.809009
0.813922
0.209867
0.214778
0.193496
0.0887569
-0.655892
-0.644434
-0.650979
-0.0586077
-0.0700641
-0.0422384
-0.0864335
-0.0307819
-0.0144125
-0.00949944
0.00686987
0.0183263
0.0346956
-0.207331
0.669895
0.653525
0.674805
-0.429916
-0.418459
-0.40209
-0.397177
-0.380808
-0.369351
-0.352982
-0.348076
-0.33175
-0.320256
-0.303873
-0.298959
-0.28259
0.656871
0.430841
0.414472
0.403015
-0.461254
-0.433427
-0.438339
-0.595324
0.54385
-0.696762
-0.701675
0.118211
0.777922
0.761552
0.75664
0.782835
0.771378
0.859851
0.848394
0.651979
0.63561
0.746916
-0.760747
-0.772204
-0.405372
-0.410285
0.549653
0.237924
0.642132
0.692871
0.614239
0.442504
0.414678
0.419591
-0.857266
-0.845808
0.321375
0.305006
0.730567
0.725655
0.737111
0.719111
0.702741
0.691285
0.696198
0.684741
0.668372
0.656915
0.661828
0.650372
0.634002
0.525811
0.280462
0.296831
0.291918
-0.480834
0.0952604
0.0838039
0.0674346
0.111629
0.116542
0.132911
0.144366
0.160736
0.489939
0.180406
0.168949
0.196774
-0.0354453
-0.040361
-0.529851
-0.678924
-0.662555
-0.763916
-0.855682
-0.839312
-0.850769
0.84503
0.828661
0.823748
0.849943
0.838487
0.843399
0.859769
0.864682
0.853225
0.858138
0.874507
0.87942
0.867964
0.872877
0.889246
0.894159
0.882703
0.887615
0.903985
0.908898
-0.770436
-0.754067
-0.749153
0.524308
0.736968
0.720597
0.340801
0.345714
0.362083
-0.692033
-0.68712
-0.698576
-0.680577
-0.664207
0.789439
0.82385
0.818938
-0.20894
-0.213853
-0.192571
0.11165
0.128021
0.132933
0.22481
0.237898
-0.580585
0.432658
-0.217113
-0.222026
-0.200744
0.0889254
-0.41522
-0.700134
-0.544657
0.694459
0.678089
0.699369
-0.587198
-0.0438497
0.529112
-0.178278
-0.590393
-0.623295
-0.606925
-0.595469
-0.600382
-0.588926
-0.572557
-0.5611
-0.566013
-0.554557
-0.538188
-0.526731
-0.531644
-0.634751
-0.565967
0.360467
0.691141
0.650243
0.663435
-0.474174
0.496462
0.645415
-0.703329
0.561923
0.162571
0.570176
0.553806
0.54235
0.547263
0.535806
0.519437
0.50798
0.512893
0.501451
0.485074
0.581632
0.561832
-0.677268
-0.665812
-0.670726
-0.654357
-0.649443
-0.687094
-0.659271
-0.484167
-0.467797
-0.479255
-0.495624
0.152771
0.108576
0.102033
0.095489
-0.714946
-0.726402
-0.721489
0.57824
0.768096
0.763183
0.28678
0.37354
0.389909
0.394823
0.411191
0.422648
0.439014
0.443931
0.460298
0.46521
-0.40884
-0.299213
-0.315583
-0.31067
0.391765
0.0543469
0.0379775
0.0265211
0.835204
0.830291
-0.744264
-0.327039
-0.343409
0.843461
0.838548
0.0134352
0.457036
0.0625216
0.0461521
0.715685
-0.199407
-0.582286
0.75348
0.764937
-0.76061
-0.799915
-0.0518142
0.861441
0.218248
0.830394
0.568459
-0.528288
-0.426697
0.157702
0.864721
-0.00598798
0.818917
0.493092
-0.125672
0.0676634
-0.187911
0.730501
-0.732873
-0.721417
-0.72633
-0.70996
-0.320474
-0.304105
-0.29919
-0.287736
-0.310647
-0.526522
-0.510153
-0.438133
-0.443046
-0.459415
-0.447958
-0.0995206
-0.110977
-0.11589
-0.367743
-0.580655
-0.713243
0.430857
0.43577
0.424313
0.440684
0.445597
0.461966
0.466876
0.457053
-0.143559
0.543914
-0.539744
0.506143
-0.852376
-0.84092
-0.845833
-0.834376
0.58322
0.578307
0.664946
0.648577
0.637119
0.632205
0.643664
0.627295
-0.0913465
-0.107716
-0.119172
-0.135542
-0.146998
-0.163368
-0.174824
0.494704
0.850005
0.581544
0.570091
-0.284474
-0.534698
0.719043
0.324657
-0.236998
-0.248454
-0.264823
-0.531436
-0.505283
0.407944
0.763163
-0.819683
0.118402
-0.808204
-0.803289
-0.81966
0.0332749
0.0169064
0.0283621
0.0119973
0.0234527
-0.104357
0.642012
0.646925
-0.245168
-0.0258264
-0.780262
-0.83929
-0.818007
-0.410328
-0.405415
-0.393947
0.530829
0.395027
0.836918
0.0103658
-0.402355
-0.413813
-0.410515
-0.724676
0.689481
0.208441
-0.654304
-0.366299
0.789461
0.651933
0.571636
0.208422
0.642033
0.625663
0.481595
0.502917
-0.272808
-0.749266
0.556883
0.341006
0.0905943
0.128207
-0.413776
0.0283841
-0.192802
-0.644455
0.660047
-0.23861
-0.292647
-0.219019
-0.452892
-0.836007
0.575004
0.851634
0.917092
0.393205
0.36538
-0.854005
-0.82129
-0.110742
-0.122199
-0.117289
0.596186
0.601097
0.617465
-0.732945
-0.127346
-0.346481
-0.0403577
0.319744
-0.829463
0.45214
0.4407
0.174053
0.760024
0.625643
-0.806551
-0.557631
0.118377
-0.0910966
0.568375
-0.506958
0.164228
-0.443205
0.717412
-0.385975
0.866353
0.322836
0.255918
-0.451219
0.27388
0.583186
-0.75898
0.660033
-0.873681
0.41942
0.403051
0.407964
0.398138
-0.597004
-0.908027
0.044731
-0.555979
-0.181137
0.113507
0.0971381
-0.389025
0.905656
0.367219
0.606088
-0.515202
-0.171312
-0.21406
-0.718134
0.640502
-0.114009
-0.11892
-0.130371
-0.107465
-0.123828
0.758373
0.419385
-0.488849
0.627415
0.661738
0.067681
0.638749
-0.790154
0.0349079
0.794374
-0.181114
0.000344841
0.9122
-0.91457
0.918744
0.588027
-0.292623
-0.264636
-0.15001
0.30315
-0.128747
-0.256662
0.696054
-0.69038
0.386646
0.565221
-0.750945
0.751727
-0.657642
0.478132
0.471137
0.822179
0.778024
-0.125488
-0.468669
-0.484328
-0.464194
-0.708242
-0.389211
-0.0689975
0.638786
-0.148399
0.553719
-0.100922
-0.305757
0.498573
0.516329
0.422877
-0.189287
-0.737697
-0.732784
-0.158202
0.566709
0.792696
-0.0583784
-0.0158203
-0.515109
-0.875311
0.707532
0.486555
-0.583966
-0.513763
-0.952028
-0.956061
-0.965927
0.507918
0.656751
0.949852
0.953806
0.966059
0.0103813
-0.606719
0.00691238
-0.899854
-0.27467
0.300113
0.897482
0.838569
-0.43487
0.955842
0.968597
-0.318866
-0.768806
0.643678
0.599448
-0.668937
0.0660325
0.226421
-0.277721
0.65361
-0.547784
0.801909
0.796691
0.819532
0.823499
0.835196
-0.857407
-0.154921
-0.186235
-0.632999
0.884395
-0.801638
-0.482347
-0.749177
0.776373
-0.131981
-0.649284
-0.664023
-0.770557
-0.782047
0.850025
0.833307
0.653564
-0.816349
0.794327
0.316441
0.558677
0.925308
0.0970737
-0.133661
-0.0534462
-0.0092746
-0.338496
0.121705
0.308249
-0.569199
-0.948906
-0.965598
-0.081479
-0.0485323
0.264093
-0.462718
-0.426836
-0.436712
-0.0618678
0.0790999
0.904005
-0.269757
-0.865485
-0.621458
0.542199
0.863113
0.417961
-0.82455
0.614187
0.251005
0.539009
0.287006
-0.90009
-0.282844
-0.714733
-0.709631
0.219898
0.0791198
0.904046
0.915442
-0.169911
-0.515045
0.601175
-0.218998
0.800917
0.142945
0.218227
-0.0108808
-0.701698
-0.739439
0.139702
-0.881736
0.359027
-0.341778
-0.546175
-0.0897161
-0.0777006
-0.415241
0.545427
0.538898
0.737066
-0.863932
0.781006
-0.57398
-0.143716
0.391559
0.323026
-0.890028
-0.238649
0.887656
-0.302287
-0.0321871
-0.819546
-0.831375
-0.826088
0.719066
-0.372842
-0.318844
0.337555
0.850003
0.165858
-0.572371
0.776326
-0.377777
-0.588851
-0.146978
-0.770526
0.867952
0.879487
0.509442
0.586375
-0.575682
-0.012782
0.149527
-0.112375
0.701066
0.768153
-0.168236
-0.134072
-0.150461
0.223179
-0.169866
0.2952
-0.102783
0.470139
-0.477415
-0.0570096
-0.598566
0.353908
0.679685
-0.559378
0.637195
-0.492173
0.300094
0.187159
-0.385762
-0.870306
-0.881291
-0.885796
-0.876021
-0.890842
0.391595
-0.685442
-0.834303
0.295011
0.812233
0.832025
-0.120552
0.768219
0.784012
0.77246
0.796635
0.797954
0.808407
-0.690219
-0.691872
0.449531
0.186293
0.362308
0.791463
0.819044
0.342432
0.354118
0.371953
0.363381
-0.382419
0.0199428
0.26079
-0.957113
-0.703441
-0.639565
0.378486
0.282072
-0.883485
-0.0585877
-0.214106
0.0640407
0.185453
0.884313
0.896024
0.891262
0.900816
0.91539
0.889287
0.507775
0.370293
-0.595263
0.761655
-0.372656
0.848319
0.678032
-0.740891
-0.624762
-0.379408
0.881113
-0.354843
0.360658
-0.860342
0.587991
0.630556
-0.313953
0.743655
-0.713221
-0.279537
0.3654
-0.858942
-0.536328
-0.891658
-0.762263
0.874121
0.617483
-0.721463
-0.752718
-0.746696
0.689631
0.67161
0.542181
0.479983
-0.632935
0.282134
-0.734575
-0.912845
0.0101706
0.0966211
0.106226
0.75665
-0.732896
0.769783
-0.5512
-0.634587
-0.857312
0.899002
0.909633
0.913982
-0.875073
0.467059
0.358821
-0.358126
0.195101
0.710936
0.727305
0.715755
0.738513
0.742296
0.731005
-0.0258483
-0.894872
-0.90622
-0.901397
-0.911115
-0.917784
-0.912205
-0.706769
-0.723142
-0.711094
-0.439763
0.432487
-0.772155
0.733808
-0.519979
0.648591
-0.660783
0.156053
0.103664
0.200248
-0.732808
-0.885042
0.755067
-0.624849
0.56018
-0.263192
0.642153
0.643605
0.57458
-0.191172
0.707563
0.512703
0.886341
-0.641196
0.923628
0.645368
0.239312
0.622477
-0.807271
-0.300866
-0.28939
0.183897
-0.585548
-0.650892
-0.49229
0.340835
0.610919
0.666718
0.676566
0.692936
0.681377
0.697365
0.709014
0.914261
0.927212
-0.318818
0.658419
-0.235112
-0.246568
-0.262938
-0.258468
-0.27676
-0.279098
-0.242516
-0.26905
-0.292112
-0.307797
-0.304942
-0.320871
-0.317538
-0.334026
-0.35029
-0.329204
0.257511
0.327749
-0.15678
-0.241932
0.365617
0.354247
-0.161803
-0.909611
-0.9209
0.668245
0.308097
0.322984
-0.924351
-0.940278
-0.935291
-0.94556
-0.955299
-0.961323
-0.951492
-0.958511
0.923673
0.936329
-0.592162
0.697738
0.272001
0.266975
0.94818
-0.395753
0.457242
0.573328
0.0347153
0.643805
-0.672403
-0.676578
-0.666572
-0.686306
0.0884441
0.0751385
-0.315373
0.267164
0.476726
0.480099
0.0709255
-0.475994
0.642197
0.646993
0.635424
-0.610161
-0.261352
-0.382438
-0.393893
-0.411414
-0.376478
-0.369001
0.0674536
0.579895
-0.958766
-0.591751
-0.200912
-0.267816
-0.649609
-0.631369
0.643738
0.620892
-0.276254
0.578293
-0.586708
-0.626408
-0.64367
0.0938581
0.339376
-0.444696
0.905636
-0.945144
0.961953
0.525916
-0.341731
0.933441
0.944898
0.874636
-0.0372825
-0.680436
0.28841
0.709179
-0.56925
-0.690262
0.524199
0.597979
0.94308
0.954724
-0.60312
-0.620047
0.943074
0.948107
-0.488914
-0.628086
-0.240255
0.553764
0.558439
0.234425
0.320565
0.315618
-0.384289
-0.372791
-0.299152
-0.0338167
-0.678823
0.280461
0.619245
0.575067
0.0365759
0.486507
0.182038
0.687912
0.0055101
-0.18788
-0.637935
-0.423414
0.270446
-0.934322
-0.570852
0.604477
0.506178
0.100192
-0.271363
-0.0501633
-0.0663526
0.635564
-0.0534451
0.375411
-0.546338
-0.21243
0.719004
-0.0683918
0.615891
0.699352
-0.470891
-0.570723
0.55022
0.556478
0.529103
-0.700088
0.957238
0.967103
0.963666
0.979186
0.981957
-0.744376
-0.112585
-0.668997
0.596368
0.600937
0.943287
0.586478
0.221509
-0.381061
-0.569062
-0.587904
-0.397407
-0.498757
-0.248269
-0.365987
0.573369
0.578572
-0.775463
-0.0027063
-0.510294
-0.474298
0.278642
-0.809718
-0.948973
-0.964885
0.552154
0.17079
-0.958743
0.443189
0.435735
0.201687
0.959832
-0.659171
0.738656
-0.492314
0.72883
-0.477393
-0.364644
0.407642
-0.500513
-0.387555
-0.523425
0.804213
-0.515226
0.663348
0.483227
-0.00453163
0.378658
0.696128
0.529241
0.530852
0.314851
0.303933
-0.817914
-0.448559
-0.443414
-0.415241
-0.746005
0.105336
0.0281946
0.261475
0.705932
-0.777139
-0.9697
-0.978395
-0.508537
0.0758382
0.263884
0.169158
-0.855544
0.503031
-0.454688
-0.172965
-0.0877988
0.723163
0.740346
0.506328
0.93337
0.945204
0.83198
-0.4776
-0.333035
-0.321817
-0.339354
0.758307
-0.48745
0.119841
-0.487385
0.483415
0.296622
-0.683653
-0.679139
0.437591
-0.706724
-0.921852
-0.925417
-0.163115
0.676093
0.748482
-0.643741
-0.202373
0.661678
0.264072
0.13314
-0.176274
-0.159808
-0.631392
0.362099
0.697805
0.329361
-0.431776
-0.507029
0.568393
0.561875
0.768133
-0.1942
0.394837
0.337098
0.0871032
-0.60685
-0.243355
-0.619867
0.054576
0.777958
-0.773785
0.0543648
-0.163095
-0.651045
0.515965
-0.41848
0.832005
-0.670652
-0.529942
-0.68865
-0.143464
-0.122205
0.694417
0.707631
-0.102576
-0.0763806
-0.412146
0.586394
-0.1124
-0.469401
0.393396
-0.549477
0.959674
-0.00782791
0.568478
-0.552854
-0.315524
-0.172942
-0.539652
0.888902
-0.0992926
0.265533
0.324615
0.178938
0.629021
-0.524934
0.308288
-0.236973
0.704228
-0.862225
0.514319
-0.210616
0.814025
-0.515066
-0.595394
0.903964
0.699464
-0.899764
-0.695217
-0.919351
0.0396492
-0.106064
-0.742634
0.78783
0.709141
0.378674
-0.142085
0.665093
-0.243562
-0.0553059
0.745183
-0.574024
-0.241886
0.326082
-0.903114
0.900744
-0.646186
0.376856
-0.716576
0.468651
0.352292
0.802568
-0.593718
0.656825
-0.695268
0.188791
0.390114
-0.372665
0.900723
0.908918
-0.213815
-0.47248
0.879482
-0.397434
0.268816
-0.408863
-0.632915
0.883738
0.894823
0.900646
0.321169
-0.716462
0.51767
-0.438292
0.535764
0.858175
-0.834399
0.128245
-0.305641
-0.114259
0.0922073
-0.464465
0.0954688
0.375396
0.18881
-0.394147
0.591349
0.573306
0.537286
0.741979
-0.89613
-0.28422
-0.788459
-0.899177
0.178698
0.725511
0.750096
0.491465
0.473555
-0.256439
-0.759003
-0.786283
-0.797318
-0.793324
-0.808303
-0.869704
-0.87349
0.866126
0.88125
-0.939904
0.597832
-0.151891
-0.413567
-0.639542
0.843453
0.0529254
0.344289
-0.610022
0.287539
0.602848
-0.102803
0.519231
-0.322045
-0.785241
0.807481
0.907287
-0.701811
-0.909657
-0.518416
-0.836597
-0.852066
-0.840272
-0.503819
-0.667442
-0.217263
-0.397218
-0.0649017
-0.822943
-0.330322
0.748568
-0.215558
0.717435
0.735436
-0.870398
0.331163
-0.107696
-0.655934
0.31157
0.940932
0.950263
0.932176
0.939952
0.922914
-0.651099
-0.788524
0.389942
-0.590349
0.647066
-0.583827
0.0609416
-0.363039
-0.930838
-0.662678
-0.531415
-0.894941
0.940023
-0.28445
-0.773719
-0.0141628
0.265703
0.892569
0.443943
0.950349
0.958356
-0.70512
-0.746032
-0.38903
0.250706
0.261926
0.237708
0.773112
0.239548
0.390134
0.552119
0.683066
0.0414887
0.522574
0.61257
0.635469
0.766465
-0.829191
0.830348
-0.408889
-0.655986
0.895831
0.781239
-0.168106
-0.714897
0.406483
-0.898201
0.82864
-0.00141892
-0.0620286
-0.0651633
0.912179
-0.9162
-0.793372
0.561796
0.0594691
0.746793
-0.587221
-0.117498
0.0147856
-0.0716752
0.648651
0.0764985
0.0838971
0.0938536
0.293344
-0.48726
-0.453011
-0.827856
-0.683764
-0.338476
-0.593741
-0.562544
0.268985
-0.00925
0.0723899
0.327897
-0.454661
0.205179
-0.925785
-0.654404
0.635543
-0.230475
-0.688367
-0.326829
0.673118
0.658351
0.34753
0.800937
0.507939
0.538938
-0.0815208
-0.660899
-0.57244
-0.523349
-0.439783
0.445744
0.61218
0.623521
-0.744352
0.0464014
0.240991
-0.871449
0.555267
0.232795
-0.583915
-0.228614
-0.158455
-0.43485
-0.75246
0.276974
0.319553
-0.809741
0.704231
-0.916102
-0.932524
-0.00562777
-0.699649
-0.215736
-0.385742
-0.930761
-0.948047
0.669864
0.673679
-0.0714675
-0.0651515
-0.457921
0.548743
-0.205657
0.586437
-0.61826
0.0824015
-0.763958
-0.140435
0.890959
0.614201
-0.228799
-0.710033
-0.23034
-0.731266
-0.642848
0.461982
-0.173149
0.733806
0.594639
0.619241
0.843482
0.57171
-0.685306
0.640477
0.624028
0.646999
-0.539677
0.450637
0.657358
0.272061
-0.0536949
0.699435
0.439032
0.720742
-0.567526
-0.667391
-0.850791
-0.220951
-0.821313
0.38503
0.597852
-0.300819
0.496483
0.224623
-0.752437
-0.623273
0.740249
0.749921
0.761495
0.778356
0.765031
0.0071193
-0.762401
-0.333373
-0.94235
-0.223701
-0.380828
0.0936781
0.532371
-0.629716
-0.0599889
0.354088
-0.757373
-0.106043
-0.775415
0.228092
-0.592134
0.624153
-0.575743
0.550468
0.759922
-0.633074
-0.626531
0.501395
-0.600284
0.709285
-0.81477
-0.890768
-0.705047
-0.578981
0.745162
-0.461204
0.21971
0.316482
0.796025
0.797608
0.20497
-0.430106
0.730424
0.300072
-0.803198
-0.709914
-0.601806
-0.498697
-0.736179
-0.911311
0.908939
-0.600307
-0.886768
-0.628186
0.0234885
-0.335235
-0.025869
-0.578914
0.902374
-0.542871
-0.773743
0.133158
0.370444
-0.904744
0.776291
-0.533131
0.714198
0.537312
-0.226939
0.583078
-0.0829235
0.31464
0.110044
0.761532
0.244236
0.715805
0.233005
0.550354
0.625717
-0.353003
-0.435011
0.802521
0.332852
0.200057
-0.682207
-0.0714128
-0.217343
-0.258301
-0.195876
-0.477573
-0.754132
-0.819568
0.406504
-0.608434
0.66502
-0.451239
0.239322
-0.898224
-0.59682
-0.922737
0.47357
0.920395
-0.786944
0.553688
0.596328
-0.351604
-0.647739
0.332832
-0.557729
-0.597047
-0.537959
0.19189
-0.00458708
-0.498716
-0.425258
-0.927611
-0.238396
-0.34809
-0.225286
-0.714827
-0.752549
-0.493784
0.637173
-0.775488
0.845112
-0.767199
-0.647654
0.0117822
0.561812
0.376985
-0.763893
-0.61989
-0.765588
-0.670751
0.337727
-0.600361
-0.130629
0.769747
0.601241
0.818892
-0.636305
-0.467608
0.221548
-0.569156
-0.914589
0.462114
0.304985
-0.222257
-0.168051
0.633933
-0.407191
-0.607726
-0.938861
0.186972
0.211497
0.686372
0.309727
0.782814
-0.35642
0.172232
-0.780401
-0.54939
-0.813025
-0.515085
0.0232389
-0.783569
0.393354
-0.130401
-0.698499
-0.484116
0.138075
-0.616676
0.467026
-0.163138
-0.263214
0.936745
-0.675664
0.411442
-0.320265
0.786117
0.206584
-0.412098
-0.731201
-0.605274
-0.930481
0.594535
0.674916
-0.0827559
-0.0753855
-0.59037
0.861482
-0.65911
0.167318
-0.744306
0.293528
-0.479064
-0.829394
-0.598607
-0.547907
0.296798
-0.430176
-0.0943795
0.573415
-0.8164
-0.259678
-0.50524
-0.315351
-0.500485
0.77627
0.051065
0.913831
0.872938
-0.526542
-0.654197
-0.621589
0.412875
0.159134
-0.777026
0.643717
-0.268126
-0.652675
0.142983
-0.755762
0.605991
0.399928
0.651838
-0.714874
0.321185
0.439201
0.650302
0.178759
-0.446556
0.679829
-0.610063
0.781183
0.779573
0.589674
-0.384272
0.578328
-0.276047
0.557024
-0.577448
-0.74261
0.121494
0.139493
0.445602
0.771435
-0.822851
0.444114
-0.647838
0.560302
-0.287526
0.61207
0.638804
0.601001
0.16239
0.0723466
-0.724653
-0.389183
-0.105835
-0.559328
-0.273027
0.795943
0.797553
-0.462902
0.507831
-0.73448
0.412856
0.663293
-0.770482
0.789481
0.226481
-0.582361
0.13458
0.088716
-0.809857
-0.282613
-0.719786
-0.582262
-0.626392
-0.588781
-0.827764
-0.652751
0.273729
0.550503
0.232781
0.652003
0.157476
0.100173
0.674746
0.416289
0.617522
-0.745936
-0.361396
-0.287504
-0.721328
-0.803221
0.640546
-0.600237
0.925287
0.424331
0.691111
0.818835
0.555415
0.789399
-0.478842
-0.254788
0.628978
-0.844133
-0.808134
0.106755
0.702606
0.714553
-0.554536
0.766444
0.193683
0.645459
0.56355
0.805768
0.129651
0.936734
-0.624925
0.121455
0.889308
-0.665653
-0.249874
0.343333
-0.716415
0.124737
0.298441
0.609309
0.416268
-0.559448
-0.308789
0.607696
0.89422
0.812291
-0.682023
0.0903862
0.137824
0.52759
-0.578955
-0.117291
0.63226
-0.360719
-0.377882
0.80585
-0.613469
0.210052
-0.83759
0.94806
-0.727871
-0.637987
0.910499
0.303354
0.619152
0.817204
-0.693368
-0.0373256
-0.222049
-0.325158
0.085473
0.799224
-0.842503
0.617633
-0.118921
0.149281
0.532503
-0.574042
0.810763
0.0969127
0.833574
0.953134
0.963778
-0.217136
-0.531623
0.622546
0.815594
-0.618382
-0.74424
0.0919987
-0.858873
-0.585498
-0.336625
-0.112378
0.959657
0.59787
-0.102552
-0.755683
-0.536536
0.0576481
0.815664
0.170563
0.0643817
0.504677
-0.189311
0.82703
-0.750753
0.592957
0.59472
-0.590557
0.80905
0.0527348
0.0641742
0.115138
0.50959
0.186932
-0.762294
-0.564216
-0.852329
-0.357894
0.831942
0.604414
0.599633
0.82542
0.0478049
-0.768944
-0.508711
0.0365564
-0.5791
0.820568
0.824076
-0.857243
0.403222
-0.374264
-0.559303
-0.513623
0.0249099
0.848312
0.0428908
0.214965
0.481764
0.198389
0.802465
-0.277982
-0.0567284
0.571807
-0.584013
-0.873612
0.354092
0.229704
0.818876
-0.570759
-0.38572
0.0199967
0.486677
0.219878
0.299902
0.560351
0.0150664
-0.634607
0.841768
0.219671
-0.485798
0.246073
0.272268
0.00362792
0.231128
0.0251024
0.0396082
0.0101522
0.846681
-0.867069
-0.556188
-0.490711
0.565263
-0.407003
0.458852
0.224791
-0.871982
-0.544731
0.863051
-0.669044
-0.0176721
-0.423372
0.252409
0.463764
0.537438
0.49142
0.378637
0.404832
-0.0225862
-0.786852
-0.888352
-0.673958
-0.176225
0.385179
0.40155
-0.549644
0.268779
-0.434829
0.408091
0.362266
0.525981
0.273898
-0.0389554
0.424463
0.244442
0.856507
-0.773857
0.280236
-0.20405
0.435939
0.431003
0.447375
0.86142
-0.881808
0.530894
-0.456111
0.929429
0.931188
-0.706136
-0.521819
-0.197483
0.440852
-0.518369
0.453916
-0.225331
-0.667415
-0.886721
-0.642762
0.845071
0.87779
0.465372
-0.510362
0.481744
-0.236788
-0.683788
-0.218765
-0.77877
0.503068
0.232986
-0.903091
0.488284
-0.145347
0.413026
0.301517
0.504657
-0.258069
0.871245
0.491612
-0.6887
-0.230222
-0.79514
0.317887
-0.269527
0.511197
0.876158
0.496528
-0.800016
-0.896547
0.527569
0.329344
0.660067
-0.606739
-0.251504
0.719088
-0.290808
0.892528
-0.901461
-0.302265
0.534109
-0.262961
-0.917831
0.4687
-0.80463
0.350625
0.545566
-0.317003
0.172422
0.386832
0.885984
0.366995
0.561937
-0.911287
-0.284243
0.890897
-0.128781
-0.184397
0.378453
-0.295699
0.409745
-0.80159
0.15258
-0.179484
0.851615
-0.123859
-0.316981
0.399733
0.160965
-0.328438
-0.118945
-0.795044
0.416103
-0.174571
0.589764
-0.63796
-0.811418
0.712498
-0.34972
0.42756
0.601219
-0.186027
0.149509
0.465416
0.33118
-0.467567
-0.361177
0.838211
0.612675
-0.479023
-0.80487
0.448841
-0.631416
-0.490254
-0.515275
-0.382459
-0.821244
-0.636329
0.470124
-0.393916
0.835245
0.481578
-0.520188
-0.814696
-0.415197
-0.348112
-0.371025
-0.83107
-0.426654
-0.525121
0.583131
0.609392
-0.392306
-0.146769
-0.824522
-0.529824
0.625762
-0.452849
-0.403763
-0.840896
0.138052
0.417939
-0.00293342
-0.431589
-0.475763
0.653588
0.0987701
-0.192593
-0.834349
-0.45287
0.473617
0.126595
0.422852
-0.464327
0.660129
-0.867091
0.478542
0.427765
-0.480696
-0.141856
0.444134
-0.860546
0.48349
-0.153312
0.449047
0.490285
-0.500327
-0.323757
-0.164768
0.49795
-0.927657
0.475072
0.359005
-0.943975
-0.960108
-0.976166
0.907266
-0.511784
-0.20754
-0.166604
0.666672
-0.528153
0.0873137
-0.53961
0.678128
0.923636
-0.500347
0.710869
0.935092
0.0922261
-0.516717
-0.560892
-0.763983
0.950983
0.511054
-0.75744
0.0807699
-0.575631
-0.773811
-0.592
-0.822603
0.706001
-0.464306
0.1493
0.0856823
-0.511943
-0.420132
-0.542912
0.514332
0.074226
0.68139
-0.528313
-0.502191
0.478335
0.0627695
-0.755809
0.687933
-0.618196
0.231147
-0.549596
0.704304
-0.646044
0.509406
-0.629653
0.71576
0.52084
-0.650935
0.0513131
-0.788551
0.722302
0.723955
-0.809832
-0.359568
-0.073305
0.0562257
0.0611381
-0.0945876
0.0496587
0.573393
0.66496
0.0545948
0.406295
-0.757463
-0.662413
0.692788
-0.672217
-0.678784
0.673173
-0.773834
-0.67061
-0.778747
0.00197773
0.45049
-0.691895
-0.703352
0.637217
-0.737833
-0.565847
0.75835
-0.22717
-0.577304
-0.593673
-0.60513
0.502877
0.57327
-0.00128377
0.620746
-0.323732
0.787804
0.805786
-0.534739
0.773068
-0.294275
0.800893
0.72553
-0.649347
-0.425208
-0.430119
0.846719
-0.741022
0.694499
-0.703392
-0.804894
0.601131
0.000558189
0.542158
0.530704
0.612587
-0.757392
0.569991
0.624044
-0.76885
-0.785219
-0.42523
-0.0158103
-0.441602
-0.462885
-0.66411
0.522547
0.534003
-0.0370756
-0.688674
-0.446515
-0.601962
0.558534
0.648607
-0.793462
0.416136
0.443958
0.455416
-0.060004
0.427591
-0.85072
-0.533226
-0.421971
-0.45634
-0.0878294
0.594588
-0.268105
-0.176433
0.710809
-0.772179
0.681333
0.709159
-0.418664
-0.692008
0.473424
-0.412122
-0.428491
0.622376
-0.276276
0.471789
-0.212453
-0.171519
0.0479539
0.0365242
-0.0239952
0.0250936
-0.00763017
0.0136411
-0.00271409
0.018544
0.0136513
0.00708921
0.849104
0.850374
-0.00436665
0.000544805
0.00545684
-0.00599779
-0.0174538
-0.0289086
-0.0763662
-0.104189
0.718844
0.0185632
0.0071115
0.0120235
-0.0485407
-0.115647
-0.127103
-0.138559
-0.133647
-0.128735
-0.140189
-0.135279
-0.146732
-0.141823
-0.729673
-0.153276
-0.148361
0.277719
-0.142668
-0.15575
-0.516005
0.514973
-0.527814
-0.0307018
-0.462012
0.981812
-0.597174
0.437257
-0.512047
-0.0305218
-0.404154
0.523124
0.564127
0.129487
0.45235
0.163813
-0.73533
-0.741448
0.47643
-0.342957
0.589775
0.866569
-0.317019
-0.294208
-0.283241
0.90976
0.124146
0.120028
0.221105
-0.133738
-0.122159
-0.155162
-0.961798
0.0141575
0.031018
0.813459
-0.941929
-0.959168
-0.865722
0.66374
0.664931
-0.85025
0.640268
-0.532973
-0.982912
-0.229801
-0.65035
-0.713799
-0.916487
0.688292
0.401261
0.260414
0.0171458
0.639212
0.816434
-0.816108
0.614403
-0.833666
-0.504749
-0.980454
-0.197443
-0.649504
0.519037
0.532557
0.490455
0.356177
0.340583
0.950417
-0.785433
0.859326
-0.674702
0.927812
0.292772
0.967355
0.964039
0.966945
0.445698
0.229671
0.2133
-0.984261
-0.722978
-0.711473
-0.505488
-0.115924
0.978789
0.984501
0.983222
0.984623
-0.880623
-0.474176
0.29939
0.866747
0.710966
0.533592
-0.522836
-0.132508
-0.0179707
0.305335
-0.725433
-0.764637
-0.796552
0.970551
0.27834
-0.475068
0.0102961
0.792175
0.95833
0.919049
0.745256
-0.842128
-0.125181
-0.806242
-0.272255
0.475982
-0.975357
-0.757185
0.416462
0.404851
0.059662
-0.937604
0.16387
0.518175
0.712734
-0.416114
-0.244495
0.512724
-0.473204
-0.943665
-0.0670595
-0.725922
0.370469
0.387722
0.487207
-0.922156
0.13606
-0.231191
0.049679
-0.897414
-0.39096
0.600781
-0.197338
-0.0218432
0.438166
-0.40614
0.756673
0.720104
-0.948364
0.490222
-0.815262
-0.496973
-0.366055
0.685349
-0.933704
0.498892
-0.370614
0.93859
-0.514908
-0.0826484
-0.519179
-0.440677
0.849357
0.745711
-0.936939
-0.626336
0.283259
-0.948768
0.825008
-0.832339
-0.950023
-0.98041
-0.538328
0.922244
0.34825
0.944056
0.0429728
0.688885
0.497168
-0.928112
-0.389874
0.902404
-0.476589
-0.960743
-0.63166
-0.116756
-0.473569
-0.367173
0.35117
0.743947
-0.0834028
-0.00344678
-0.229339
-0.528508
-0.508783
0.427123
0.733015
0.511911
-0.393717
0.493717
0.152384
-0.116572
-0.55977
0.520042
-0.36
0.757198
-0.95773
-0.967437
-0.343426
-0.790966
0.963512
0.958907
-0.315262
0.910379
-0.861362
0.41879
-0.0411294
-0.265498
0.928923
0.662024
-0.969576
-0.906524
-0.673637
-0.321095
0.13155
-0.43147
0.588724
-0.876984
-0.969257
0.649388
0.267581
0.77632
0.0608928
0.31028
-0.344961
0.435291
-0.770839
-0.914669
-0.0161687
-0.418301
0.981326
0.904006
-0.973929
0.491302
0.348168
0.949591
-0.491429
-0.02419
-0.922569
0.513025
-0.146369
-0.89764
-0.945328
-0.963651
0.753545
0.533119
0.650171
-0.900849
0.181757
-0.458765
0.834591
0.403815
-0.972785
0.0291826
-0.528281
0.297231
0.205348
-0.165134
-0.586878
0.0245904
0.315874
-0.289191
-0.624701
-0.513971
0.885714
-0.259575
-0.620408
0.843507
-0.510428
-0.0916255
-0.986612
0.541341
0.433571
-0.51962
0.432518
0.674063
0.535199
-0.546306
-0.324815
0.1339
0.0898243
0.956184
0.249828
-0.033391
0.456643
-0.801258
0.115348
0.325964
0.338375
-0.601405
0.987928
0.779416
-0.497074
-0.948536
0.211697
-0.834935
0.519532
0.329252
-0.40309
-0.697347
-0.301445
-0.514554
-0.757758
0.403203
-0.969194
-0.843008
0.827805
-0.446455
-0.369767
0.838158
0.977434
-0.449771
-0.955001
0.625678
0.523399
0.63822
0.231134
-0.895588
-0.916475
-0.518885
0.972309
0.105008
0.548452
0.959237
0.47901
0.723902
0.148093
0.969881
-0.362897
-0.905205
-0.24657
-0.63546
0.248459
0.859375
-0.492223
0.508664
0.759546
0.449765
0.310263
0.421641
0.477054
-0.690261
0.0402724
-0.257877
-0.479022
-0.326097
0.892189
0.810474
-0.213509
0.201048
0.391992
0.79898
-0.46291
-0.79238
-0.14105
0.463828
-0.966815
0.564069
-0.657268
0.277016
0.322973
-0.853361
0.970301
-0.418025
-0.287009
0.331417
-0.21227
0.965747
0.69196
-0.339104
-0.476711
0.89137
0.506592
-0.978979
0.280859
-0.255851
-0.608336
0.789999
-0.970145
-0.167617
0.626086
-0.296676
0.106779
0.330892
-0.0837711
0.190007
-0.0649242
0.52753
-0.0948285
0.0375957
-0.292057
-0.905332
0.00834774
0.359306
-0.719899
-0.973879
0.514111
0.118519
0.000467211
-0.42575
0.419458
-0.370251
0.936127
0.979866
-0.347042
-0.515654
-0.972219
-0.091659
0.725619
-0.391377
0.577837
0.972066
-0.416778
0.523338
-0.436089
-0.811476
0.410546
-0.192579
0.731639
0.0641113
0.16923
-0.501524
-0.987004
0.245918
0.868579
0.977001
-0.272037
0.148884
-0.16891
-0.930173
0.223251
0.520208
-0.46743
0.482197
0.94251
0.453733
-0.0215282
-0.336655
0.433807
-0.77989
0.363367
0.902942
-0.305641
0.339165
-0.534445
-0.989729
0.616131
-0.481339
0.885938
-0.219271
-0.522696
-0.0403655
-0.884088
-0.974761
-0.28203
0.235075
0.785805
-0.203066
-0.986877
-0.0608211
-0.207307
0.613901
-0.508894
-0.500051
-0.539677
-0.234516
-0.503658
-0.562854
-0.525981
-0.820057
0.356495
0.972894
0.505839
-0.409172
0.426348
-0.852055
0.466972
0.440666
0.173594
0.40058
-0.603444
0.886641
0.52252
-0.4854
-0.482761
-0.485587
0.363639
-0.145255
-0.886165
-0.0609507
0.0871325
-0.968364
-0.463142
-0.0514262
0.478389
0.0169594
0.920731
0.345825
-0.256396
-0.260432
0.558637
-0.18819
0.062693
0.429583
-0.507917
0.833581
0.188452
0.463947
-0.898153
-0.374512
0.846717
0.498558
0.965996
-0.425851
0.563251
-0.478024
0.836494
-0.274744
0.915552
-0.605816
0.974965
-0.863284
0.283178
-0.327365
-0.481257
0.803298
-0.700518
-0.937852
-0.167109
-0.821281
0.516345
-0.00753518
0.111197
-0.0490727
0.585051
-0.184064
0.601863
-0.94677
-0.311001
0.333385
0.293141
-0.406304
-0.712791
-0.533253
-0.487183
0.375957
0.376344
0.969651
-0.508274
0.0159674
0.38589
0.686856
-0.986803
-0.480171
-0.156525
0.809735
0.534205
0.0906695
-0.252349
0.926269
0.92703
-0.353805
-0.877956
-0.132495
-0.493009
0.882699
0.971905
-0.353762
-0.689258
-0.200191
0.0769395
0.15923
0.753918
0.921224
-0.737388
