-0.070539
-0.140726
-0.210213
-0.278652
-0.345703
-0.411032
-0.474313
-0.535231
-0.593482
-0.648777
-0.700839
-0.74941
-0.794248
-0.835128
-0.871848
-0.904225
-0.932097
-0.955325
-0.973793
-0.987411
-0.996109
-0.999844
-0.998599
-0.992378
-0.981213
-0.96516
-0.944299
-0.918733
-0.88859
-0.85402
-0.815196
-0.77231
-0.725577
-0.675229
-0.621517
-0.564708
-0.505086
-0.442948
-0.378603
-0.312372
-0.244585
-0.175579
-0.105699
-0.0352915
0.0352915
0.105699
0.175579
0.244585
0.312372
0.378603
0.442948
0.505086
0.564708
0.621517
0.675229
0.725577
0.77231
0.815196
0.85402
0.88859
0.918733
0.944299
0.96516
0.981213
0.992378
0.998599
0.999844
0.996109
0.987411
0.973793
0.955325
0.932097
0.904225
0.871848
0.835128
0.794248
0.74941
0.700839
0.648777
0.593482
0.535231
0.474313
0.411032
0.345703
0.278652
0.210213
0.140726
0.070539
-0.0695866
-0.137819
-0.203368
-0.26496
-0.321394
-0.371572
-0.414519
-0.449397
-0.475528
-0.492404
-0.499695
-0.497261
-0.485148
-0.463592
-0.433013
-0.394005
-0.347329
-0.293893
-0.234736
-0.17101
-0.103956
-0.0348782
0.0348782
0.103956
0.17101
0.234736
0.293893
0.347329
0.394005
0.433013
0.463592
0.485148
0.497261
0.499695
0.492404
0.475528
0.449397
0.414519
0.371572
0.321394
0.26496
0.203368
0.137819
0.0695866
0
0
-0.286572
-0.231569
-0.16955
-0.101055
-0.034664
0.0327271
0.101493
0.167616
0.293161
0.230631
0.357003
0.193196
0.130193
0.0633198
-0.219468
-0.351885
-0.295652
-0.00725657
-0.145302
-0.0736287
-0.418868
-0.483108
-0.46073
-0.355696
-0.390232
-0.526397
-0.589203
-0.32184
-0.110488
-0.251412
-0.181351
-0.542025
-0.489804
0.415279
0.362597
-0.0411486
0.0281807
0.47627
0.529838
0.586058
0.477002
0.248261
0.298885
0.0951693
0.227548
0.161287
-0.636719
-0.689351
-0.58304
0.636453
0.682245
0.412103
0.131946
0.337549
0.267685
-0.00406002
0.199031
0.617261
0.72462
0.764626
0.582561
0.521879
0.0650628
0.65826
-0.723442
-0.780358
-0.736586
-0.144221
-0.214217
-0.284562
-0.423918
-0.354878
-0.0741362
0.696896
-0.802769
-0.848001
-0.865386
-0.636345
-0.521679
-0.457459
-0.387923
-0.319097
-0.0370821
-0.107111
-0.795777
-0.886103
-0.821319
-0.667599
-0.560863
-0.490968
-0.248051
-0.176551
-0.0729335
-0.422355
0.801962
0.7349
0.305243
0.444918
0.37545
0.0331373
0.102606
-0.000344104
-0.0366119
0.553925
0.483773
0.590701
0.413664
0.23677
0.16977
0.0714147
0.0362054
0.140377
0.770716
-0.897628
-0.927458
-0.931851
-0.751238
-0.694465
-0.593838
-0.140035
-0.209947
-0.116417
-0.523889
0.83756
0.807867
0.872176
0.902816
0.847097
0.902582
0.521329
0.628189
0.343101
0.208099
0.275188
0.11789
0.180475
0.558554
0.931515
0.930568
0.926169
0.666306
0.703845
0.453601
0.312638
0.248852
0.191549
0.59632
-0.848964
-0.82849
-0.795553
-0.626277
-0.726592
-0.659313
-0.173135
-0.285965
-0.355538
-0.241247
-0.190768
-0.866005
-0.942161
-0.883712
0.938105
0.935612
0.88347
0.86322
0.820282
0.634172
-0.943418
-0.900125
-0.923459
-0.759734
-0.692918
-0.556545
-0.454738
-0.388658
-0.322547
-0.260249
-0.878983
-0.84825
-0.726086
-0.758872
-0.791047
-0.590767
-0.491005
-0.36996
-0.427356
-0.323236
0.932158
0.930432
0.7788
0.740852
0.671999
0.747602
0.381322
0.49076
0.319599
0.2607
0.435665
0.52544
0.391593
0.325618
0.710264
-0.873
-0.928197
-0.926327
-0.896334
-0.860732
-0.851197
-0.821774
-0.72156
-0.65908
-0.625225
-0.527911
-0.388003
-0.463467
0.872306
0.877677
0.857409
0.785373
0.821241
0.461048
0.563301
0.381563
0.437491
0.492338
0.901322
0.876501
0.835352
0.848389
0.809128
0.88543
0.86958
0.828091
0.790743
0.60171
0.639514
0.442472
0.529284
0.753026
-0.892765
-0.847583
-0.830571
-0.789479
-0.748474
-0.839411
-0.754426
-0.691007
-0.567456
-0.606845
-0.440423
-0.502343
-0.787497
-0.818725
0.78356
0.740014
0.806155
0.829873
0.795951
0.758345
0.716053
0.680813
0.56877
0.485008
0.773525
0.741033
-0.792999
-0.811767
-0.814995
-0.782981
-0.624338
-0.558125
-0.480377
-0.720846
-0.750209
-0.773183
-0.643665
-0.779351
-0.650853
-0.686728
-0.585602
-0.518176
-0.703135
-0.724415
-0.68712
0.703761
0.673404
0.612346
0.640022
0.70695
0.672168
0.79932
0.763041
0.767483
0.624141
0.649912
0.685409
0.5181
0.584567
-0.607641
-0.745611
-0.770986
-0.74049
-0.733833
-0.715976
-0.668691
-0.61604
-0.539625
-0.706818
0.730307
0.721881
0.665474
0.612945
0.539537
0.735648
0.698291
0.540758
-0.554933
0.559318
0.506427
0.503747
0.70329
0.670688
0.727575
0.681811
0.554183
0.613307
0.447252
0.440395
-0.550603
-0.696518
-0.650353
-0.66021
-0.589719
-0.62238
-0.703259
-0.679456
-0.620323
-0.555023
-0.66453
-0.62329
0.385651
0.572956
0.604614
0.637649
0.665703
0.69298
0.666673
0.613848
0.555588
0.632926
0.60086
0.399168
-0.502907
-0.456525
-0.44926
-0.403616
-0.386518
-0.665534
-0.67221
-0.670004
-0.565624
-0.613033
-0.62751
0.341402
0.323673
0.258177
-0.495964
-0.437764
-0.553409
-0.515924
-0.632715
-0.632219
-0.600239
-0.549589
-0.590596
0.470594
0.503246
0.536351
0.568946
0.658573
0.614269
0.62896
0.549486
-0.309932
-0.258224
0.0634336
-0.00447894
-0.132352
-0.187858
0.192942
0.132037
-0.0742421
0.0904171
-0.0485106
0.022094
-0.33871
-0.475961
-0.584926
-0.614616
-0.591858
-0.537104
-0.570143
0.367116
0.5863
0.596063
0.53058
0.567897
0.400592
0.46567
0.433144
-0.228703
0.272386
0.5613
0.530641
0.502599
0.525563
0.298806
0.330445
0.363027
-0.445755
-0.370961
-0.408272
-0.483221
-0.557954
-0.521315
-0.55823
-0.501218
0.145896
0.196138
0.227723
0.501596
0.476534
0.460382
0.481932
0.260314
-0.266395
-0.33813
-0.301286
-0.116589
-0.156445
-0.525257
-0.492917
-0.46802
-0.467185
0.122064
0.0548424
-0.193545
-0.231244
-0.449986
-0.375408
-0.410338
-0.410704
-0.423964
0.395581
0.430222
0.426471
0.412226
-0.0855379
-0.015346
-0.122997
0.157591
0.0875002
-0.0527493
0.0173866
-0.271491
-0.348737
-0.363049
-0.356805
0.292911
0.376275
0.362558
0.35534
0.325529
-0.161094
0.190199
0.306782
0.222827
0.28831
0.256243
-0.310451
-0.25376
-0.296327
-0.284438
0.120062
0.154344
0.227444
0.188805
-0.201059
-0.0898049
-0.221231
-0.20136
-0.166757
0.0501931
-0.0198185
-0.124511
-0.154134
0.148246
-0.128995
-0.0545248
0.0837385
0.117819
0.00865545
-0.0771687
0.0754636
-0.047145
0.0397278
-0.000165172
